id 3
slope 0.4998147732622794
intercept 0.0
r2 0.9904753642597356
arctan 0.46349941663203875
n_points 362

x y
3.35606615e-05 1.92183589e-05
3.19551499e-05 1.87022052e-05
3.49847437e-05 1.97060257e-05
6.54212342e-05 3.84568636e-05
4.41186821e-05 2.44787547e-05
3.68292125e-05 1.83093139e-05
3.68540447e-05 1.84334986e-05
4.61575864e-05 2.13496065e-05
4.70921102e-05 2.25030888e-05
4.37477389e-05 2.13128870e-05
3.70472103e-05 1.83596030e-05
5.00130224e-05 2.32747779e-05
4.33893295e-05 2.36535558e-05
4.22668256e-05 2.31678772e-05
4.07948099e-05 2.18970024e-05
3.63783966e-05 2.00273309e-05
3.33547211e-05 1.80731077e-05
3.60235815e-05 2.10786709e-05
4.58635921e-04 2.69802672e-04
3.79006655e-05 1.86796232e-05
4.53498939e-05 2.67742545e-05
3.94356632e-05 1.99214729e-05
3.90710921e-05 1.86708062e-05
4.19835704e-05 2.32606857e-05
3.70798863e-05 1.92227174e-05
3.38135582e-05 1.83366473e-05
4.03591626e-05 2.27787732e-05
4.56626998e-05 2.65028447e-05
4.86529844e-05 2.86091703e-05
4.86645330e-05 2.85505797e-05
4.56136655e-05 2.62632099e-05
4.00070424e-05 2.21567036e-05
4.46713331e-05 2.30822447e-05
3.37985840e-05 1.94830966e-05
1.63569684e-04 9.56240418e-05
1.36552043e-04 7.76124613e-05
1.03854195e-04 5.70178525e-05
7.06191162e-05 3.71644647e-05
4.13271765e-05 2.07814538e-05
3.22542903e-05 1.86476999e-05
4.46125286e-05 2.55083535e-05
4.35381375e-05 2.28167095e-05
3.92488406e-05 1.92707145e-05
4.37945183e-05 2.49348001e-05
3.41091067e-05 1.80712404e-05
3.55434851e-05 1.96483916e-05
3.48455236e-05 2.02679262e-05
6.45568219e-05 3.76434666e-05
3.23853306e-05 1.80865641e-05
5.92153379e-05 2.74194258e-05
5.82600667e-05 2.72869949e-05
4.87402670e-05 2.27264425e-05
3.89569810e-05 2.18869913e-05
4.46724797e-05 2.59156077e-05
4.73141005e-05 2.73303326e-05
4.64448283e-05 2.60355950e-05
4.23306906e-05 2.24560258e-05
4.14904090e-05 1.96220162e-05
3.59233211e-05 1.95327970e-05
5.18907781e-05 2.87259376e-05
3.37578753e-05 1.89593618e-05
3.22948949e-05 1.80458276e-05
9.15237121e-05 5.00942907e-05
9.96016473e-05 5.91311069e-05
1.05070996e-04 6.10344523e-05
1.03256772e-04 5.85176769e-05
9.43951168e-05 5.19467609e-05
7.99493462e-05 4.23750582e-05
6.22248343e-05 3.12206709e-05
4.38148388e-05 1.99176571e-05
5.04003343e-04 2.33060305e-04
6.17840391e-04 2.92163732e-04
6.98122233e-04 3.35440530e-04
7.30740556e-04 3.55306200e-04
7.09848240e-04 3.48235079e-04
6.39284012e-04 3.15680844e-04
5.31590906e-04 2.63697656e-04
4.04926098e-04 2.01374578e-04
2.78754985e-04 1.38570200e-04
1.69539257e-04 8.36403749e-05
8.75795492e-05 4.18247074e-05
3.62391615e-05 1.80274934e-05
6.54265206e-05 3.14407143e-05
5.80663040e-05 3.05251474e-05
4.96884083e-05 2.89277778e-05
3.48177439e-05 1.90575407e-05
3.75629517e-05 2.10430604e-05
3.77600440e-05 2.12737239e-05
3.56562666e-05 1.98396071e-05
7.63183990e-05 3.59566801e-05
1.21168321e-04 5.76649936e-05
1.73974938e-04 8.20096995e-05
2.26946051e-04 1.05538490e-04
2.71458305e-04 1.24414528e-04
2.99936684e-04 1.35281739e-04
3.59622915e-05 2.03958188e-05
4.66580796e-05 2.38155549e-05
4.13885721e-05 2.32057968e-05
4.61005481e-05 2.33884492e-05
4.64300359e-05 2.76463370e-05
3.56946887e-05 1.87840170e-05
2.45610895e-04 1.14869539e-04
9.28419044e-05 5.39460777e-05
3.11288356e-05 1.80477567e-05
4.98440078e-05 2.85634582e-05
4.16883402e-05 2.20180964e-05
4.04744494e-05 1.96687308e-05
5.41991794e-05 3.04172851e-05
6.01048566e-05 3.27930439e-05
4.42086091e-05 1.99336261e-05
4.02237530e-05 2.31475335e-05
3.84449954e-05 2.02132095e-05
4.59930058e-05 2.12470488e-05
5.48663763e-05 2.75087384e-05
1.28583254e-04 7.40046785e-05
1.35119215e-04 6.26792833e-05
3.77743266e-05 1.86387038e-05
9.88789832e-05 5.82306702e-05
9.02969319e-05 4.73311086e-05
7.89707187e-05 3.57717941e-05
5.18180332e-05 2.39178270e-05
5.18150322e-05 2.99890895e-05
3.78308736e-05 1.88525520e-05
3.64909661e-05 2.12394850e-05
3.70580299e-05 2.20826031e-05
1.14399830e-04 6.66009251e-05
1.20539591e-04 6.69875557e-05
3.73173691e-05 1.89935796e-05
4.15143631e-05 2.27408598e-05
3.67355939e-05 2.06632958e-05
3.82003134e-05 2.25752250e-05
3.58291473e-05 1.92935340e-05
1.24650999e-04 6.78401215e-05
1.60055740e-04 7.37264897e-05
4.93813612e-05 2.34662114e-05
3.82788215e-05 2.22306833e-05
3.31549042e-05 1.97429201e-05
4.75164399e-05 2.36381239e-05
8.46401205e-05 3.91147105e-05
7.93681492e-05 3.99384560e-05
6.94343519e-05 3.81884611e-05
3.90464424e-05 2.31025426e-05
3.63243379e-05 2.15988798e-05
4.81966604e-05 2.44318200e-05
1.13018492e-04 5.86608288e-05
1.43817876e-04 7.31232240e-05
3.39100693e-05 1.92129017e-05
3.91149368e-05 1.80233481e-05
8.85038323e-05 4.45350124e-05
3.55921587e-05 2.08217903e-05
4.13285345e-05 2.40836246e-05
4.42487798e-05 2.55867137e-05
4.38379540e-05 2.50051171e-05
4.02432560e-05 2.23982813e-05
3.41957988e-05 1.82167412e-05
3.87578182e-05 2.23643656e-05
5.67602298e-05 3.36401577e-05
3.63825163e-05 2.15832784e-05
3.37271903e-05 1.92479858e-05
4.71869626e-05 2.27660966e-05
5.63330227e-05 3.16089412e-05
5.61462874e-05 3.30174833e-05
3.47356352e-05 1.97719473e-05
4.04616003e-05 1.95254277e-05
6.15776583e-05 2.85840067e-05
5.40924117e-05 2.78795889e-05
4.39785927e-05 2.59050162e-05
3.87413214e-05 1.99766421e-05
3.93711028e-05 2.11084649e-05
3.74839450e-05 2.08526554e-05
3.33971586e-05 1.93109908e-05
3.33946682e-05 1.87391374e-05
3.83674090e-05 2.00599631e-05
4.05876060e-05 1.98904874e-05
3.96821787e-05 1.84229083e-05
3.42342384e-05 2.00364830e-05
3.13541182e-05 1.82844669e-05
3.88965362e-05 1.83159412e-05
3.77288138e-05 2.17644657e-05
3.56932115e-05 1.87228833e-05
4.10948078e-05 1.99190778e-05
4.38036856e-05 2.09549545e-05
4.34217277e-05 2.18711528e-05
4.01683886e-05 2.23548746e-05
5.28900290e-05 2.40059261e-05
3.50632542e-05 2.07797863e-05
4.91086650e-05 2.82470607e-05
6.83616382e-05 3.14388103e-05
6.49100598e-05 3.44055170e-05
1.82553403e-04 8.30176326e-05
1.18574565e-04 6.88561548e-05
5.41520994e-05 2.97115886e-05
9.65064351e-05 4.94369313e-05
7.47212567e-05 3.91097895e-05
8.49050831e-05 3.87732735e-05
7.04625514e-05 4.03549667e-05
6.47356689e-05 2.94830846e-05
6.90279090e-05 3.10902129e-05
4.28828977e-05 2.13033573e-05
7.66898865e-05 3.51437637e-05
7.71983100e-05 4.59592527e-05
4.21413168e-05 1.89949713e-05
1.02697855e-04 5.63485714e-05
6.89265806e-05 3.44067483e-05
7.25053206e-05 3.57992100e-05
8.31927745e-05 4.78181713e-05
1.24256572e-04 6.58439334e-05
1.62943504e-04 8.30346662e-05
1.93286595e-04 9.64281253e-05
2.10459978e-04 1.03551683e-04
2.11872496e-04 1.03067713e-04
1.97714918e-04 9.51063460e-05
1.70828464e-04 8.11868828e-05
1.35962758e-04 6.37694455e-05
9.86526570e-05 4.56026509e-05
6.40218797e-05 2.90983726e-05
5.97395833e-05 3.13601932e-05
1.97356688e-04 1.04718645e-04
3.52848062e-05 1.95816777e-05
4.33593112e-05 2.10165544e-05
8.57873186e-05 4.18282314e-05
8.41929447e-05 4.77550655e-05
3.31308288e-05 1.80765766e-05
3.28406416e-05 1.82417787e-05
4.01168653e-05 1.86945105e-05
3.21346398e-05 1.91470816e-05
5.62223355e-05 3.35295679e-05
8.47749450e-05 3.91306836e-05
1.50129428e-04 7.18649673e-05
1.27578543e-04 7.27201372e-05
3.27662178e-05 1.95289243e-05
4.15312977e-05 2.21434441e-05
4.48814780e-05 2.60572177e-05
9.76881508e-05 5.64216826e-05
6.24700467e-05 3.21397078e-05
4.12866033e-05 2.44700846e-05
3.42927180e-05 1.86572081e-05
3.22023504e-05 1.83281240e-05
4.42410436e-05 2.10867018e-05
4.81939161e-05 2.43808323e-05
4.89313114e-05 2.63084344e-05
4.62889980e-05 2.63548773e-05
5.34574333e-05 2.92460128e-05
3.73528076e-05 2.10257959e-05
7.11536076e-05 3.82576325e-05
3.18214392e-04 1.85005137e-04
2.24646184e-04 1.23545623e-04
1.45287838e-04 7.28869212e-05
3.27471530e-05 1.87465818e-05
4.00857601e-05 2.07017064e-05
3.44996612e-05 1.89150942e-05
3.54635998e-05 1.99619243e-05
5.02082321e-05 2.60547815e-05
3.89561909e-05 2.14381491e-05
3.52257154e-05 1.84340058e-05
3.52777760e-05 1.85893749e-05
3.39808524e-05 1.84108932e-05
1.49302952e-04 8.58041168e-05
1.69025665e-04 9.74003770e-05
7.91142191e-05 4.70810105e-05
4.13619717e-05 2.35088564e-05
6.07026427e-05 2.73980992e-05
6.33643821e-05 2.98962758e-05
9.00679282e-05 4.19535407e-05
8.26065147e-05 4.55158003e-05
3.39484266e-05 1.97203703e-05
4.68803857e-05 2.58023318e-05
8.52955283e-05 4.78055523e-05
4.08154101e-05 1.87818127e-05
4.60520088e-05 2.27990076e-05
6.54076862e-05 3.22410709e-05
3.11223031e-05 1.84509003e-05
5.58206031e-05 2.77251122e-05
3.12647523e-05 1.83698138e-05
3.55534779e-05 2.08679201e-05
3.84919584e-05 2.26452530e-05
3.90696746e-05 2.25510432e-05
3.71618457e-05 2.07739121e-05
3.46347279e-05 1.99126982e-05
3.32131955e-05 1.90670614e-05
3.47335586e-05 2.00324445e-05
2.75401377e-04 1.33550407e-04
3.57619410e-05 1.82816529e-05
3.52541784e-05 2.09154384e-05
3.76055227e-05 2.19239626e-05
4.83945326e-05 2.67005240e-05
3.53697711e-05 2.08265857e-05
3.73708229e-05 1.89678013e-05
1.72896908e-04 7.87740706e-05
3.14906296e-05 1.81734543e-05
3.42831024e-05 1.90675173e-05
3.49920763e-05 1.88905915e-05
3.49040055e-05 1.85470605e-05
5.64320192e-05 2.59837856e-05
3.67265690e-05 2.01419002e-05
3.26967058e-05 1.83665127e-05
3.50845335e-05 1.92470944e-05
3.50029072e-05 1.84556256e-05
6.29706041e-05 3.13474247e-05
4.26052480e-05 2.29916014e-05
5.19437562e-05 2.85786203e-05
5.75800187e-05 3.24770908e-05
5.82118838e-05 3.35697472e-05
5.38362110e-05 3.15934675e-05
4.56074775e-05 2.70953031e-05
3.75381920e-05 2.22803898e-05
6.61015452e-05 3.76346809e-05
3.60719931e-05 1.97059090e-05
9.16532789e-05 4.30517513e-05
6.70427272e-05 3.59601585e-05
6.77484503e-05 3.10226506e-05
8.04766632e-05 3.88499174e-05
1.92368403e-04 8.81790856e-05
4.08310812e-05 2.03806069e-05
5.44824372e-05 2.51201906e-05
4.43262896e-05 2.33823463e-05
3.15591370e-05 1.86490469e-05
9.79189996e-05 4.60682387e-05
1.23933004e-04 6.67795099e-05
3.26095181e-05 1.86279528e-05
3.64390237e-05 1.94461146e-05
3.94719422e-05 2.14767833e-05
3.73656365e-05 1.86164698e-05
1.04644919e-04 5.17296581e-05
1.07744547e-04 5.58531477e-05
3.27571582e-04 1.60797029e-04
3.75286175e-05 1.84015647e-05
4.35068070e-05 2.03712970e-05
4.66065349e-05 2.17553226e-05
4.66654200e-05 2.24858511e-05
4.39487819e-05 2.25640368e-05
3.91020736e-05 2.21159612e-05
4.32866130e-05 2.02097706e-05
4.61331553e-05 2.46839916e-05
3.22588068e-05 1.84651237e-05
4.81028371e-05 2.77713941e-05
3.59090216e-05 1.86030350e-05
4.12779532e-05 2.00646775e-05
4.54474062e-05 2.10859183e-05
3.35457624e-05 1.81876143e-05
4.89326213e-05 2.64441023e-05
3.53553064e-05 1.94418889e-05
9.36982680e-05 5.00279218e-05
3.24496962e-05 1.90837029e-05
3.54964161e-05 1.96067308e-05
3.72448871e-05 1.85106484e-05
3.96251053e-05 1.94924049e-05
4.74412301e-05 2.29406544e-05
5.21022604e-05 2.49937064e-05
5.27732404e-05 2.52674374e-05
4.94148880e-05 2.37544206e-05
4.27691535e-05 2.08042664e-05
3.09202105e-05 1.82121111e-05
4.33465926e-05 2.46580598e-05
3.55913688e-05 1.87674087e-05
3.73357689e-05 2.08424802e-05
9.75430050e-05 4.54164213e-05
3.77893793e-05 1.85585368e-05
4.20936527e-05 2.27773104e-05
4.40939425e-05 2.62050260e-05
5.43404362e-05 3.15940020e-05
4.01681140e-05 1.86104376e-05
