id 8
slope 3.878644320313233
intercept 0.0
r2 0.9999184483383361
arctan 1.3184693983548381
n_points 165

x y
2.10784748e-05 1.00577294e-04
1.93291990e-05 8.04649417e-05
2.04648619e-05 8.30976122e-05
2.08471830e-05 8.19876822e-05
2.04588078e-05 7.85725786e-05
1.94124197e-05 7.46468633e-05
1.78625413e-05 7.11684508e-05
1.95841785e-05 7.83281870e-05
2.21792194e-05 9.47777759e-05
2.23218016e-05 1.05536737e-04
2.83650311e-05 1.05198334e-04
5.90546520e-05 2.21588066e-04
2.77309683e-05 1.29048159e-04
2.85193803e-05 1.06500115e-04
2.44868926e-05 9.66152078e-05
1.86632139e-05 8.15749865e-05
3.37711370e-05 1.33917891e-04
1.97970894e-05 8.07759189e-05
3.03711078e-05 1.24774445e-04
2.25672029e-05 9.12578446e-05
4.49689762e-05 1.76579122e-04
2.39133593e-05 9.93101229e-05
3.62123407e-05 1.42460678e-04
2.38340945e-05 1.00496907e-04
1.99430415e-05 8.14296839e-05
2.51378151e-05 9.62336144e-05
1.97128129e-05 7.92119988e-05
1.97729009e-05 7.77684861e-05
1.88858355e-05 7.00343763e-05
1.87688103e-05 8.28565251e-05
3.99256750e-05 1.63833284e-04
5.01508939e-05 2.38704756e-04
2.24367688e-05 1.03165866e-04
1.83689237e-05 6.93418634e-05
2.97032144e-05 1.39577702e-04
3.43609823e-05 1.57818231e-04
3.31829757e-05 1.52316901e-04
2.36232817e-05 1.00695864e-04
2.50031086e-05 9.51191258e-05
2.82395244e-05 1.28765863e-04
3.96095612e-05 1.84645055e-04
7.84020584e-05 3.51741918e-04
1.31422736e-04 5.81956431e-04
1.94600703e-04 8.56832527e-04
2.60386385e-04 1.14349380e-03
3.19071693e-04 1.40009752e-03
3.60932147e-04 1.58479643e-03
3.78592814e-04 1.66568147e-03
3.68905959e-04 1.62872806e-03
3.33758779e-04 1.48129262e-03
2.79565140e-04 1.25007431e-03
2.15615934e-04 9.74202305e-04
1.51816577e-04 6.95615730e-04
9.65034663e-05 4.49645716e-04
5.49488045e-05 2.58459709e-04
2.87983446e-05 1.28950174e-04
4.56838619e-05 1.99762344e-04
7.82622732e-05 3.56972660e-04
1.27121443e-04 5.62601915e-04
1.87598675e-04 8.01988803e-04
2.51814644e-04 1.04811631e-03
3.09847723e-04 1.26576354e-03
3.51706369e-04 1.41886174e-03
3.69661636e-04 1.47914768e-03
3.60194173e-04 1.43358370e-03
3.24913926e-04 1.28821040e-03
2.70143853e-04 1.06712603e-03
2.05300172e-04 8.06820643e-04
1.40597819e-04 5.47613628e-04
8.48353806e-05 3.24992952e-04
4.40577365e-05 1.64250076e-04
2.16583944e-05 8.12251644e-05
2.12238496e-05 9.72538035e-05
2.68146719e-05 1.21109836e-04
3.14350511e-05 1.39485288e-04
3.43884416e-05 1.49367860e-04
3.52437938e-05 1.49239179e-04
3.39314368e-05 1.39377471e-04
3.07544842e-05 1.21698581e-04
2.63132964e-05 9.92207260e-05
2.02204638e-05 8.57895093e-05
2.81726727e-05 1.13478456e-04
3.46500798e-05 1.37434018e-04
3.86257841e-05 1.53755453e-04
3.95681295e-05 1.61006600e-04
3.75593197e-05 1.61815292e-04
4.39563278e-05 2.07185024e-04
1.18111603e-04 5.26950891e-04
3.39537371e-04 1.37846729e-03
7.97693538e-04 3.17523589e-03
1.53952626e-03 6.07194308e-03
2.55900522e-03 1.00316317e-02
3.78060189e-03 1.47566321e-02
5.06218816e-03 1.96974852e-02
6.21896517e-03 2.41441244e-02
7.06325837e-03 2.73779267e-02
7.44932009e-03 2.88427095e-02
7.30986963e-03 2.82838985e-02
6.67314533e-03 2.58130415e-02
5.65518857e-03 2.18776206e-02
4.42987374e-03 1.71459079e-02
3.18607712e-03 1.23428593e-02
2.08492484e-03 8.08654307e-03
1.22909400e-03 4.77089795e-03
6.50993715e-04 2.52124007e-03
3.18775292e-04 1.21986862e-03
1.54053879e-04 5.77464193e-04
6.99393301e-05 2.68292353e-04
2.48295289e-05 1.09797898e-04
4.86992474e-05 2.31366199e-04
2.16807233e-05 8.19004683e-05
2.62753538e-05 9.81687210e-05
3.01813469e-05 1.26493713e-04
3.98340417e-05 1.74317169e-04
5.77852433e-05 2.38144809e-04
7.02137461e-05 2.86122111e-04
6.91105136e-05 2.90023365e-04
1.14879226e-04 4.29745927e-04
2.70770161e-05 1.10096127e-04
1.79383038e-05 7.62476427e-05
1.92624015e-05 7.68582647e-05
1.94694454e-05 8.30007290e-05
4.38458732e-05 2.06151143e-04
1.89975171e-05 7.48668404e-05
4.41724572e-05 2.01897407e-04
3.84189122e-05 1.67531371e-04
3.06449064e-05 1.27484028e-04
2.20467785e-05 8.77994968e-05
2.69269820e-05 1.20943774e-04
1.96350457e-05 7.40401848e-05
2.84428415e-05 1.05517876e-04
4.53609036e-05 1.89457666e-04
2.33267968e-05 1.02884180e-04
4.80311573e-05 2.06599621e-04
4.35230638e-05 1.76080927e-04
1.81195128e-05 7.87692605e-05
2.58422262e-05 9.61444908e-05
2.51352915e-05 1.10994483e-04
2.12578314e-05 8.04282741e-05
2.17597598e-05 8.32464241e-05
2.09585452e-05 7.77755532e-05
1.93202143e-05 7.56912983e-05
1.98530459e-05 9.19323513e-05
2.21351550e-05 9.71854836e-05
1.95213791e-05 7.47208650e-05
2.11971264e-05 9.85265436e-05
2.98555736e-05 1.37767970e-04
3.48010096e-05 1.32287309e-04
9.91755713e-05 4.36979797e-04
4.92190133e-05 2.23476555e-04
2.18696549e-05 9.67793273e-05
1.88454763e-05 7.10826170e-05
4.21895610e-05 1.85603780e-04
3.31257145e-05 1.35727229e-04
7.11979366e-05 3.01004368e-04
7.69515441e-05 2.88626949e-04
2.04218513e-05 9.36574651e-05
2.37014285e-05 9.30779085e-05
1.94881689e-05 8.35612331e-05
2.39218738e-05 1.05902963e-04
2.65938796e-05 1.20003873e-04
2.65520502e-05 1.23557130e-04
1.91655992e-05 7.38200751e-05
2.18597580e-05 8.27452586e-05
2.14582932e-05 8.03455676e-05
