id 3
slope 0.04677591745359264
intercept 0.0
r2 0.9733193263209585
arctan 0.046741847145063506
n_points 963

x y
5.03515204e-04 2.39154982e-05
6.39829686e-04 3.18753333e-05
7.46136068e-04 3.83273521e-05
8.03546464e-04 4.20174015e-05
8.01382439e-04 4.21674811e-05
7.39984185e-04 3.86849677e-05
6.30630402e-04 3.21871025e-05
4.92591948e-04 2.38360787e-05
5.92099034e-04 2.38114762e-05
7.30179870e-04 3.02483172e-05
8.32154080e-04 3.52691486e-05
8.81446116e-04 3.80294240e-05
8.70762550e-04 3.81112650e-05
8.03749276e-04 3.56367615e-05
6.93726147e-04 3.12596500e-05
5.59936199e-04 2.60269293e-05
4.22530776e-04 2.11119043e-05
7.85305353e-04 1.94691592e-05
9.23254543e-04 2.12668983e-05
1.00387936e-03 2.22422729e-05
1.01360127e-03 2.21015957e-05
9.51661029e-04 2.08315560e-05
8.29923485e-04 1.87177969e-05
2.65770601e-04 2.08292281e-05
3.04832550e-04 2.37466420e-05
3.23961661e-04 2.55563989e-05
3.19603832e-04 2.56730822e-05
2.92495774e-04 2.39376700e-05
2.47469378e-04 2.06007859e-05
1.12398570e-03 2.20950306e-05
2.22562355e-03 4.22489510e-05
3.76125700e-03 7.07162564e-05
5.62015491e-03 1.05424212e-04
7.58810733e-03 1.42378367e-04
9.38053954e-03 1.76237420e-04
1.06987572e-02 2.01335976e-04
1.12937251e-02 2.12869971e-04
1.10203586e-02 2.07929312e-04
9.87096684e-03 1.86161714e-04
7.98944077e-03 1.50081109e-04
5.69655592e-03 1.05561497e-04
3.66873114e-03 6.54364433e-05
3.34494653e-03 5.97333956e-05
4.77175898e-03 8.90165474e-05
6.32751479e-03 1.19498701e-04
7.32646285e-03 1.38484628e-04
7.58436788e-03 1.42869279e-04
7.12872695e-03 1.33527452e-04
6.11890417e-03 1.13816413e-04
4.78974058e-03 8.84393352e-05
3.39225315e-03 6.22555568e-05
2.13858415e-03 3.92186222e-05
1.16387696e-03 2.16931117e-05
3.85228905e-04 1.81726474e-05
3.95952462e-04 1.84720664e-05
2.45686216e-04 1.80618329e-05
4.58699381e-04 2.90141467e-05
7.29695146e-04 4.31420610e-05
1.03053345e-03 5.90268742e-05
1.31963618e-03 7.44277137e-05
1.55050766e-03 8.67819723e-05
1.68270750e-03 9.38390668e-05
1.69206362e-03 9.42402695e-05
1.57697435e-03 8.78692885e-05
1.35881052e-03 7.58697055e-05
1.07629728e-03 6.03321536e-05
7.75663120e-04 4.37579129e-05
4.99611352e-04 2.84708348e-05
2.89501296e-04 1.96549929e-05
3.32651138e-04 2.23834808e-05
3.53808267e-04 2.38275300e-05
3.49083957e-04 2.37332501e-05
3.19415550e-04 2.21273758e-05
2.70321172e-04 1.93221225e-05
2.81303409e-04 1.86060287e-05
3.23471350e-04 1.96202006e-05
3.44616301e-04 1.88764731e-05
2.74296164e-04 2.32065332e-05
4.49018893e-04 1.94439994e-05
5.07305865e-04 2.17223245e-05
5.29618174e-04 2.26694622e-05
5.11771504e-04 2.18718208e-05
4.57272658e-04 1.94643966e-05
2.68065643e-04 1.86603429e-05
3.45808494e-04 2.17830832e-05
4.09209479e-04 2.42036183e-05
4.47585956e-04 2.57756524e-05
4.54341577e-04 2.60317516e-05
4.28515261e-04 2.46415518e-05
3.74909908e-04 2.18404136e-05
3.02795246e-04 1.81563108e-05
1.46887743e-03 1.92948644e-05
1.71285267e-03 2.46047629e-05
1.84489948e-03 2.70255408e-05
1.84084830e-03 2.61271587e-05
1.70185392e-03 2.22031157e-05
1.14495665e-03 2.02339866e-05
1.31770742e-03 2.40031759e-05
1.40432449e-03 2.60727950e-05
1.38907206e-03 2.60514950e-05
1.27484194e-03 2.39793563e-05
1.08240555e-03 2.02855155e-05
4.83483433e-04 2.38664625e-05
5.88791833e-04 2.88098095e-05
6.61298224e-04 3.20292081e-05
6.88108654e-04 3.30074361e-05
6.64450871e-04 3.16140972e-05
5.94885373e-04 2.81555433e-05
4.92079188e-04 2.33073140e-05
4.28788483e-04 1.84506787e-05
6.60341976e-04 2.98007214e-05
9.13744701e-04 4.23979411e-05
1.15428108e-03 5.44814886e-05
1.34367390e-03 6.40803790e-05
1.44905974e-03 6.94117788e-05
1.45124332e-03 6.93578215e-05
1.34970173e-03 6.38071617e-05
1.16276359e-03 5.37313184e-05
9.22904450e-04 4.09680719e-05
6.68639889e-04 2.77971892e-05
1.25454361e-03 1.88489885e-05
1.12029198e-03 1.87773616e-05
3.52229093e-04 2.32321232e-05
4.79113312e-04 2.86989768e-05
5.94724330e-04 3.33237808e-05
6.79801631e-04 3.63214768e-05
7.19180567e-04 3.70728139e-05
7.05601378e-04 3.52889418e-05
6.41567922e-04 3.11268798e-05
5.38675788e-04 2.52255864e-05
4.14624771e-04 1.86678496e-05
2.74992915e-04 1.97071134e-05
3.23846010e-04 2.30169518e-05
3.52456120e-04 2.45813583e-05
3.55528647e-04 2.41756550e-05
3.32484943e-04 2.19571730e-05
2.87607141e-04 1.84070656e-05
3.62095873e-04 1.84260836e-05
3.74189814e-04 1.79900520e-05
1.72008294e-03 1.85331470e-05
2.12155154e-03 2.25128317e-05
2.41247015e-03 2.54268393e-05
2.54109796e-03 2.66714346e-05
2.48384866e-03 2.59415665e-05
2.25145848e-03 2.33222975e-05
1.88617396e-03 1.92831642e-05
2.69129409e-04 1.88729202e-05
3.19690869e-04 2.09868226e-05
3.47668909e-04 2.19794887e-05
3.46604043e-04 2.16849228e-05
3.16026467e-04 2.01853031e-05
9.57330622e-04 1.93766712e-05
1.22950807e-03 2.42988341e-05
1.44970399e-03 2.85286245e-05
1.57964694e-03 3.11515109e-05
1.59574086e-03 3.15762212e-05
1.49517925e-03 2.96570048e-05
1.29666584e-03 2.57231324e-05
1.03551599e-03 2.04952677e-05
1.15258866e-03 2.37247273e-05
1.67319018e-03 3.25774338e-05
2.19663922e-03 4.12048326e-05
2.64191616e-03 4.79961725e-05
2.93293712e-03 5.16897566e-05
3.01731685e-03 5.16802629e-05
2.87977774e-03 4.81318406e-05
2.54603670e-03 4.18660242e-05
2.07598322e-03 3.40855787e-05
1.54835033e-03 2.60502551e-05
1.04167418e-03 1.88160926e-05
1.34563427e-03 1.96593729e-05
1.59200210e-03 2.09702624e-05
1.74134858e-03 2.11644608e-05
1.76683748e-03 2.01148402e-05
1.66400079e-03 1.79671507e-05
7.53964277e-04 3.55501841e-05
1.22026290e-03 5.94323008e-05
1.75369520e-03 8.70859903e-05
2.28427105e-03 1.15083363e-04
2.72924301e-03 1.39198967e-04
3.01207968e-03 1.55341691e-04
3.08148253e-03 1.60570296e-04
2.92464262e-03 1.53878045e-04
2.57056947e-03 1.36489712e-04
2.08243552e-03 1.11562946e-04
1.54136831e-03 8.33776579e-05
1.02674261e-03 5.62651539e-05
5.98862142e-04 3.36165642e-05
4.04568710e-04 2.38084127e-05
6.43166777e-04 3.58698568e-05
9.08731609e-04 4.94895216e-05
1.16448233e-03 6.30205325e-05
1.36926848e-03 7.45148869e-05
1.48727004e-03 8.21594713e-05
1.49699989e-03 8.46943968e-05
1.39684629e-03 8.17047525e-05
1.20543177e-03 7.37083861e-05
9.56702015e-04 6.20236820e-05
6.91315469e-04 4.84667055e-05
4.46995653e-04 3.49734551e-05
2.37812417e-03 2.94341094e-05
3.75667204e-03 4.98373823e-05
5.29522970e-03 7.41424132e-05
6.78557268e-03 9.88228968e-05
7.99201189e-03 1.19792644e-04
8.70609077e-03 1.33293682e-04
8.79856938e-03 1.36794316e-04
8.25280531e-03 1.29606301e-04
7.16905426e-03 1.13028408e-04
5.73833410e-03 8.99792591e-05
4.19410368e-03 6.42492508e-05
2.75669072e-03 3.96331935e-05
1.58688732e-03 1.93547149e-05
5.74206260e-04 3.25506967e-05
1.13322099e-03 6.18524659e-05
1.89091294e-03 1.01239563e-04
2.78568291e-03 1.47722722e-04
3.70807957e-03 1.95791628e-04
4.52019386e-03 2.38394852e-04
5.08612054e-03 2.68510641e-04
5.30501056e-03 2.80870959e-04
5.13680389e-03 2.73314733e-04
4.61264877e-03 2.47342690e-04
3.82672723e-03 2.07696258e-04
2.91208038e-03 1.61097965e-04
2.00797342e-03 1.14556488e-04
1.22863272e-03 7.37614743e-05
6.42122325e-04 4.20329788e-05
2.64309999e-04 2.00790920e-05
7.19820161e-04 2.82060390e-05
1.15067510e-03 5.22303835e-05
1.63611761e-03 7.92535442e-05
2.11079054e-03 1.05676500e-04
2.49962337e-03 1.27465971e-04
2.73524741e-03 1.41011827e-04
2.77482271e-03 1.43999749e-04
2.61112297e-03 1.35996101e-04
2.27439540e-03 1.18554865e-04
1.82441519e-03 9.48127607e-05
1.33526112e-03 6.87017679e-05
8.77542155e-04 4.40231602e-05
5.03351402e-04 2.36580368e-05
4.98902143e-04 2.02714821e-05
1.00362170e-03 4.54966239e-05
1.72055767e-03 8.20220119e-05
2.60511141e-03 1.27546420e-04
3.56128684e-03 1.77095353e-04
4.45579449e-03 2.23776714e-04
5.14554149e-03 2.60205701e-04
5.51119761e-03 2.80219528e-04
5.48700706e-03 2.80387841e-04
5.07770365e-03 2.60863823e-04
4.35723208e-03 2.25316048e-04
3.44969062e-03 1.79967755e-04
2.49847326e-03 1.32047785e-04
1.63304423e-03 8.81279117e-05
9.42983206e-04 5.28270867e-05
4.66010711e-04 2.82040617e-05
7.38594392e-04 1.84031377e-05
1.02486949e-03 2.28481844e-05
1.29596740e-03 2.75818911e-05
1.50837741e-03 3.25416360e-05
1.62523444e-03 3.76942153e-05
1.62554116e-03 4.29912538e-05
1.50955236e-03 4.82836909e-05
1.29863817e-03 5.32305522e-05
1.02968362e-03 5.72636671e-05
7.45796508e-04 5.96581982e-05
3.98618214e-04 2.79746196e-05
7.39215063e-04 4.46079559e-05
1.17594200e-03 6.57701418e-05
1.66416425e-03 8.90438896e-05
2.13711233e-03 1.11106312e-04
2.51931014e-03 1.28407139e-04
2.74420003e-03 1.37981655e-04
2.77082268e-03 1.38165016e-04
2.59443155e-03 1.28992645e-04
2.24770494e-03 1.12164675e-04
1.79217924e-03 9.05886534e-05
1.30261822e-03 6.76460414e-05
8.49157923e-04 4.64075345e-05
4.82505037e-04 2.90214354e-05
4.73981469e-04 2.25726447e-05
7.04296144e-04 3.55451326e-05
9.47085377e-04 5.00597292e-05
1.16715580e-03 6.40136818e-05
1.32842342e-03 7.51899710e-05
1.40254980e-03 8.17397772e-05
1.37609126e-03 8.26085437e-05
1.25395598e-03 7.77683333e-05
1.05808819e-03 6.81891764e-05
8.21804910e-04 5.55673975e-05
5.81563922e-04 4.19023805e-05
3.68665579e-04 2.90508570e-05
2.03255790e-04 1.83795699e-05
2.54259701e-04 1.86637927e-05
2.73081938e-04 2.06166649e-05
2.72275444e-04 2.09578721e-05
2.52296823e-04 1.97054497e-05
2.70208145e-04 1.92375046e-05
2.99551519e-04 2.25562130e-05
3.07508874e-04 2.44788959e-05
2.92582481e-04 2.48151605e-05
9.92372449e-04 2.23152540e-05
1.38772477e-03 2.91459161e-05
1.76466463e-03 3.63966555e-05
2.06227625e-03 4.27241620e-05
2.22830897e-03 4.69125311e-05
2.23236188e-03 4.81460597e-05
2.07379507e-03 4.61854462e-05
1.78187932e-03 4.14037563e-05
1.40814933e-03 3.46792506e-05
1.01339024e-03 2.71921734e-05
6.53292338e-04 2.02054459e-05
1.47196053e-03 2.60114947e-05
2.06080089e-03 3.88783183e-05
2.62777420e-03 5.14963964e-05
3.08314104e-03 6.17576263e-05
3.34856292e-03 6.78271866e-05
3.37659823e-03 6.86255283e-05
3.16286228e-03 6.41283298e-05
2.74705639e-03 5.53827623e-05
2.20256717e-03 4.42272104e-05
1.61793387e-03 3.27920383e-05
1.07590709e-03 2.29127912e-05
6.05130997e-04 1.83756396e-05
7.07694268e-04 2.08053157e-05
7.65541894e-04 2.18871196e-05
7.68433104e-04 2.17137357e-05
7.16214161e-04 2.07530832e-05
6.18780000e-04 1.95939675e-05
4.93436148e-04 1.85841423e-05
2.67852264e-04 1.87564456e-05
3.43679845e-04 2.20641067e-05
4.08048647e-04 2.52958670e-05
4.50302120e-04 2.77363725e-05
4.62988843e-04 2.88395487e-05
4.43731987e-04 2.83761829e-05
3.95831753e-04 2.64502129e-05
3.27415613e-04 2.34113703e-05
2.49409119e-04 1.97197254e-05
3.36219155e-04 1.93286378e-05
3.31567460e-04 1.92824624e-05
2.76835103e-04 2.48061577e-05
2.93278765e-04 2.59364274e-05
2.86886559e-04 2.49852322e-05
2.58404547e-04 2.20414113e-05
2.51406050e-04 2.00644922e-05
2.85950488e-04 2.11122397e-05
3.01573743e-04 2.08388839e-05
2.95476720e-04 1.92882242e-05
3.50926503e-04 1.82887823e-05
4.36049822e-04 2.06889180e-05
4.98865365e-04 2.18264021e-05
5.28002243e-04 2.12236577e-05
5.17975769e-04 1.87091219e-05
4.29401188e-04 2.25976753e-05
6.22661249e-04 3.00983678e-05
8.18838614e-04 3.85667698e-05
9.87530845e-04 4.63967064e-05
1.09969714e-03 5.18769033e-05
1.13486703e-03 5.36410005e-05
1.08643104e-03 5.10251501e-05
9.63361164e-04 4.42384329e-05
7.87825366e-04 3.43111206e-05
5.89465472e-04 2.28491301e-05
3.75964080e-04 2.35353431e-05
5.48645100e-04 2.50615146e-05
7.25370469e-04 2.60797116e-05
8.79492853e-04 2.64625748e-05
9.85291879e-04 2.59915302e-05
1.02419397e-03 2.44405405e-05
9.89443972e-04 2.17118127e-05
5.33537562e-04 2.43524581e-05
9.94873022e-04 3.54722734e-05
1.60270497e-03 4.84941602e-05
2.30165299e-03 6.22789473e-05
3.00218042e-03 7.52065229e-05
3.59731230e-03 8.54009816e-05
3.98672614e-03 9.11065794e-05
4.10133300e-03 9.11254858e-05
3.92090502e-03 8.51802352e-05
3.47925500e-03 7.40664983e-05
2.85534532e-03 5.95203157e-05
2.15314832e-03 4.38189560e-05
1.47652297e-03 2.92299280e-05
2.61195325e-04 1.86763830e-05
3.53684678e-04 2.24603507e-05
4.39432234e-04 2.53588012e-05
5.04394978e-04 2.67652082e-05
5.37136579e-04 2.63299332e-05
5.31693300e-04 2.40734321e-05
4.89071654e-04 2.04287788e-05
2.84167572e-04 1.80051384e-05
4.38160498e-04 2.12802101e-05
6.10220496e-04 2.38483526e-05
7.81510804e-04 2.59143940e-05
9.31087395e-04 2.76772835e-05
1.04020711e-03 2.92202522e-05
1.09617602e-03 3.04784202e-05
1.09467823e-03 3.12828627e-05
1.04002220e-03 3.14428394e-05
9.43394138e-04 3.08253809e-05
8.19784160e-04 2.94066942e-05
6.84565764e-04 2.72829339e-05
5.50686569e-04 2.46391873e-05
4.27115956e-04 2.16925746e-05
3.18713407e-04 1.86450627e-05
2.83477424e-04 2.23750023e-05
3.88838264e-04 2.53176183e-05
4.87955632e-04 2.74511283e-05
5.66046723e-04 2.85249967e-05
6.11142983e-04 2.83868981e-05
6.16907430e-04 2.70044390e-05
5.83973947e-04 2.44766230e-05
5.19436080e-04 2.10352982e-05
3.43527943e-04 1.94501309e-05
3.90947628e-04 2.03036024e-05
4.13334572e-04 2.00578161e-05
4.05827320e-04 1.85807643e-05
2.51389135e-04 2.25456275e-05
3.07698066e-04 1.97957094e-05
3.80947412e-04 3.37634775e-05
5.23140465e-04 4.28682937e-05
6.60542763e-04 5.00648529e-05
7.75205872e-04 5.40819621e-05
8.52737918e-04 5.41943493e-05
8.85640645e-04 5.04114927e-05
8.74676650e-04 4.34784462e-05
8.27774673e-04 3.46897852e-05
7.56832699e-04 2.55787093e-05
4.33165912e-04 3.43969464e-05
5.36986385e-04 3.90260573e-05
6.12823172e-04 4.21059141e-05
6.47171152e-04 4.29934596e-05
6.33765825e-04 4.13559164e-05
5.75233709e-04 3.72995077e-05
4.82397383e-04 3.13663956e-05
3.71461361e-04 2.43992155e-05
2.68114399e-04 1.81609403e-05
2.92164251e-04 1.90004003e-05
2.95270541e-04 1.87534452e-05
3.26871458e-04 2.31775681e-05
5.53629520e-04 2.85033292e-05
8.35085387e-04 3.18906933e-05
1.14060346e-03 3.28968722e-05
1.42736606e-03 3.16550669e-05
1.64917906e-03 2.88078750e-05
1.76733931e-03 2.52182967e-05
1.76035736e-03 2.15564757e-05
1.62952711e-03 1.80185832e-05
6.44357270e-04 2.71859718e-05
8.61540326e-04 4.07126349e-05
1.05383732e-03 5.34716645e-05
1.18915472e-03 6.33640806e-05
1.24349961e-03 6.87078446e-05
1.20707477e-03 6.86437595e-05
1.08679130e-03 6.33474702e-05
9.04424215e-04 5.39816518e-05
6.91007808e-04 4.24044030e-05
4.79221634e-04 3.07268269e-05
2.96057583e-04 2.08614513e-05
7.57107939e-04 3.22279034e-05
1.18460692e-03 5.28639657e-05
1.65652934e-03 7.68980199e-05
2.10804505e-03 1.00666567e-04
2.46730898e-03 1.20243044e-04
2.67220557e-03 1.32286265e-04
2.68585383e-03 1.34864010e-04
2.50611638e-03 1.27922641e-04
2.16612469e-03 1.13231420e-04
1.72565718e-03 9.38241347e-05
1.25608931e-03 7.31350005e-05
8.23556370e-04 5.41190060e-05
4.75285925e-04 3.86292420e-05
4.59469755e-04 2.08420898e-05
5.59919676e-04 2.40929187e-05
6.30614074e-04 2.63627919e-05
6.59021854e-04 2.70743760e-05
6.39885941e-04 2.58777896e-05
5.76538383e-04 2.27770719e-05
4.80020895e-04 1.81669342e-05
3.55307303e-04 1.85292120e-05
3.14497815e-04 2.78273153e-05
4.52530890e-04 2.01955009e-05
5.50415291e-04 2.46380017e-05
6.18588813e-04 2.82304215e-05
6.45288075e-04 3.05223143e-05
6.25845004e-04 3.13115674e-05
5.63862109e-04 3.06798533e-05
4.70284081e-04 2.89411102e-05
3.60651507e-04 2.65237031e-05
6.61065842e-04 2.23289042e-05
7.87923088e-04 2.61670274e-05
8.68311579e-04 2.85607004e-05
8.87866788e-04 2.88293218e-05
8.43084085e-04 2.67132661e-05
7.42212032e-04 2.25133467e-05
3.24594495e-04 1.82893555e-05
3.70069523e-04 2.20952864e-05
3.91061838e-04 2.48180185e-05
3.83756739e-04 2.61346737e-05
3.49494372e-04 2.59941483e-05
2.94463925e-04 2.45632118e-05
2.37189681e-04 1.81299709e-05
3.34059106e-04 2.89466374e-05
3.38903817e-04 1.82048822e-05
7.65100376e-04 1.97485336e-05
9.47602047e-04 2.22183267e-05
1.08310310e-03 2.27550253e-05
1.14835251e-03 2.11751776e-05
2.50607176e-04 2.21823556e-05
2.49015557e-04 2.09600427e-05
2.33376929e-04 1.92501237e-05
4.64643479e-04 2.07923141e-05
6.18759334e-04 2.78235502e-05
7.54859989e-04 3.38327815e-05
8.50216852e-04 3.77008898e-05
8.87886484e-04 3.88451464e-05
8.61019407e-04 3.71531163e-05
7.74621270e-04 3.27297017e-05
6.44221246e-04 2.58837082e-05
5.52601359e-04 3.86356802e-05
5.45417931e-04 3.00068247e-05
5.00408117e-04 2.24964800e-05
7.50325495e-04 5.51543891e-05
8.34179217e-04 4.33475925e-05
8.62197857e-04 3.16570261e-05
8.29217656e-04 2.15857184e-05
1.81930213e-03 2.12571548e-05
2.34604799e-03 2.77572387e-05
2.78036097e-03 3.24226866e-05
3.04825542e-03 3.43932823e-05
3.10206700e-03 3.34059968e-05
1.61036192e-03 2.02903504e-05
1.39628645e-03 2.33727755e-05
1.12349651e-03 2.63192801e-05
8.33579333e-04 2.84967593e-05
5.64677054e-04 2.94314053e-05
3.44014465e-04 2.89090042e-05
2.65895669e-04 2.39508724e-05
4.27708194e-04 2.05010937e-05
6.12482242e-04 1.89305718e-05
7.97012134e-04 1.99045564e-05
9.53804570e-04 2.24362081e-05
1.05706273e-03 2.48953207e-05
1.08881404e-03 2.61048667e-05
1.04341206e-03 2.55347692e-05
9.29039299e-04 2.32190955e-05
7.65708827e-04 1.96104716e-05
4.96964448e-04 2.03378367e-05
6.80751324e-04 2.50119313e-05
8.88633411e-04 3.00183695e-05
1.11717851e-03 3.54731353e-05
1.36112676e-03 4.14155566e-05
1.61146730e-03 4.75655163e-05
1.85374204e-03 5.32544729e-05
2.06745531e-03 5.75697176e-05
2.22750581e-03 5.96357062e-05
2.30814089e-03 5.88998205e-05
2.28891459e-03 5.53045493e-05
2.16097070e-03 4.92879651e-05
1.93138695e-03 4.16304460e-05
1.62370728e-03 3.32256395e-05
1.27402671e-03 2.48707154e-05
1.14615248e-03 2.02027049e-05
1.65548834e-03 2.99550168e-05
2.16741705e-03 3.97515879e-05
2.60307396e-03 4.79365589e-05
2.88834032e-03 5.31008266e-05
2.97205457e-03 5.43472089e-05
2.83908338e-03 5.14447704e-05
2.51419457e-03 4.48471755e-05
2.05553299e-03 3.55858551e-05
1.53977515e-03 2.50678151e-05
3.21108158e-04 2.15288309e-05
3.71047719e-04 2.51056454e-05
3.98057041e-04 2.68277229e-05
3.97815915e-04 2.64151532e-05
3.70475129e-04 2.39761251e-05
3.20644921e-04 1.99582101e-05
3.51328318e-04 2.07959988e-05
3.94396685e-04 2.43431531e-05
4.10096690e-04 2.60187590e-05
3.95453108e-04 2.56063461e-05
3.53104830e-04 2.33366127e-05
2.90610764e-04 1.98205521e-05
4.70949536e-04 4.22412098e-05
7.55954284e-04 5.10764652e-05
1.08066783e-03 6.04652605e-05
1.40303921e-03 6.79620353e-05
1.67353039e-03 7.15498930e-05
1.84632336e-03 7.02410038e-05
1.89058373e-03 6.42973492e-05
1.79836720e-03 5.50191693e-05
1.58669264e-03 4.41748061e-05
1.29311756e-03 3.32896017e-05
9.66206691e-04 2.31717251e-05
1.20531348e-03 1.85034647e-05
9.88383670e-04 2.31800025e-05
7.45591122e-04 2.74621487e-05
5.12668278e-04 3.11234540e-05
4.54115335e-04 1.81939828e-05
2.15211065e-04 1.86423137e-05
4.41092441e-04 2.78998322e-05
6.24893665e-04 4.11909278e-05
8.05791344e-04 5.44198503e-05
9.55186254e-04 6.54930250e-05
1.04734370e-03 7.25982933e-05
1.06580249e-03 7.45890256e-05
1.00752820e-03 7.12109554e-05
8.83543658e-04 6.31266690e-05
7.15902667e-04 5.17545209e-05
5.32025187e-04 3.89784706e-05
3.58176030e-04 2.68037450e-05
4.74320388e-04 1.82258037e-05
5.44436087e-04 2.05064359e-05
5.90669961e-04 2.17696874e-05
6.10131705e-04 2.14797060e-05
6.04113183e-04 1.94714273e-05
7.77662587e-04 3.68053641e-05
1.35439498e-03 6.70942726e-05
2.05384661e-03 1.03279280e-04
2.79384161e-03 1.41140152e-04
3.46616562e-03 1.75356790e-04
3.95988151e-03 2.00553467e-04
4.18790210e-03 2.12520629e-04
4.10895310e-03 2.09247892e-04
3.73818855e-03 1.91454273e-04
3.14315783e-03 1.62441576e-04
2.42640677e-03 1.27297623e-04
1.70012471e-03 9.16748997e-05
1.06049687e-03 6.04974791e-05
5.69084554e-04 3.69475802e-05
2.45988133e-04 2.19176489e-05
1.02943066e-03 4.11162156e-05
1.98604740e-03 9.00836210e-05
3.28733967e-03 1.56542071e-04
4.82962156e-03 2.35340845e-04
6.42618246e-03 3.17117066e-04
7.83988947e-03 3.89831454e-04
8.83535291e-03 4.41409293e-04
9.23605318e-03 4.62698227e-04
8.96925280e-03 4.49832690e-04
8.08474211e-03 4.05254592e-04
6.74157017e-03 3.37063314e-04
5.16706175e-03 2.56907166e-04
3.60100127e-03 1.77087675e-04
2.24188467e-03 1.07764295e-04
1.21040082e-03 5.50534885e-05
5.38922017e-04 2.04682600e-05
4.35330442e-04 2.20545932e-05
5.42975241e-04 2.79430632e-05
6.22947442e-04 3.24643775e-05
6.60765610e-04 3.47644591e-05
6.49505743e-04 3.44265751e-05
5.91704481e-04 3.15643064e-05
4.98599030e-04 2.67739224e-05
3.86973999e-04 2.09652402e-05
4.10194168e-04 1.84621267e-05
4.13464549e-04 1.99060982e-05
3.86687431e-04 1.98309389e-05
3.34474083e-04 1.83282711e-05
6.16452770e-04 2.41479971e-05
7.77884475e-04 3.12139714e-05
9.05985271e-04 3.74230929e-05
9.78821895e-04 4.16977919e-05
9.83311591e-04 4.32008922e-05
9.18933726e-04 4.15863438e-05
7.98309265e-04 3.71252571e-05
6.44342953e-04 3.06496993e-05
4.84725208e-04 2.33253982e-05
3.47632293e-04 2.21626487e-05
5.48070733e-04 2.91315842e-05
6.05919448e-04 2.48995047e-05
1.05409239e-03 2.35030345e-05
2.06047128e-03 4.60105785e-05
2.88988188e-03 5.40151671e-05
2.86920400e-03 9.11974118e-05
4.09009442e-03 3.09613017e-04
1.07369289e-02 7.26757751e-04
2.22243642e-02 1.34495955e-03
3.74929988e-02 2.12604417e-03
5.47761336e-02 2.98323086e-03
7.15500850e-02 3.79348523e-03
8.50145999e-02 4.42335810e-03
9.27538723e-02 4.76091238e-03
9.33491383e-02 4.74418491e-03
8.67457358e-02 4.37732440e-03
7.42570273e-02 3.72929344e-03
5.82052745e-02 2.91558088e-03
4.13161402e-02 2.06876289e-03
2.60581827e-02 1.30705043e-03
1.41276623e-02 7.10049066e-04
6.23025190e-03 3.07931354e-04
2.26361731e-03 8.53017512e-05
1.05502703e-03 2.14139722e-05
6.77299894e-04 3.29561973e-05
3.21263852e-04 2.28402605e-05
3.94460732e-04 2.49346992e-05
3.01866709e-04 1.84976186e-05
4.60120016e-04 2.88145787e-05
4.94724373e-04 3.18005580e-05
3.38458657e-04 2.22499872e-05
6.04040675e-04 2.42361819e-05
9.23603497e-04 3.65087448e-05
8.86421387e-04 3.45282400e-05
1.07555614e-03 4.85252667e-05
1.68328288e-03 8.11173751e-05
2.39782489e-03 1.12293623e-04
7.74048949e-03 3.60357825e-04
2.08404240e-02 9.81627301e-04
4.30730171e-02 2.04208738e-03
7.45067092e-02 3.54728508e-03
1.13025360e-01 5.39819044e-03
1.54278256e-01 7.38768544e-03
1.92362211e-01 9.23251511e-03
2.21071760e-01 1.06329598e-02
2.35377010e-01 1.13440313e-02
2.32691609e-01 1.12371557e-02
2.13539811e-01 1.03333406e-02
1.81413671e-01 8.79743528e-03
1.41867010e-01 6.89536615e-03
1.01131408e-01 4.92780682e-03
6.46771166e-02 3.16056772e-03
3.61338800e-02 1.77182643e-03
1.68456138e-02 8.29704765e-04
6.13108695e-03 3.04080990e-04
2.07469621e-03 1.04347966e-04
1.17050740e-03 5.95738189e-05
5.41589548e-04 2.66612510e-05
6.87886286e-04 3.33095056e-05
6.97034101e-04 3.59996641e-05
4.00148742e-04 2.32019500e-05
4.00538068e-04 1.95254210e-05
5.15119748e-04 2.20406734e-05
3.86652418e-04 2.18467140e-05
4.45605962e-04 2.64225481e-05
3.09477388e-04 2.17604585e-05
3.27562424e-04 2.32746804e-05
3.65852280e-04 2.50502218e-05
2.49861420e-04 1.91302446e-05
7.95191868e-04 1.97096733e-05
1.23679467e-03 2.44887072e-05
1.72289315e-03 3.00733943e-05
2.18656427e-03 3.59639699e-05
2.55431294e-03 4.13027221e-05
2.76321913e-03 4.50213152e-05
2.77651900e-03 4.61026206e-05
2.59287865e-03 4.39055186e-05
2.24648771e-03 3.84595850e-05
1.79797236e-03 3.05914230e-05
1.31901785e-03 2.17732657e-05
4.39008886e-04 1.95256805e-05
4.96446944e-04 2.23266186e-05
5.21048511e-04 2.31726168e-05
5.08020233e-04 2.20820236e-05
4.59402637e-04 1.94106151e-05
5.22812817e-04 2.55456932e-05
6.68475803e-04 3.47407215e-05
7.87797251e-04 4.21111807e-05
8.60243468e-04 4.65392450e-05
8.72657818e-04 4.74091361e-05
8.22699455e-04 4.47376386e-05
7.19471045e-04 3.91517442e-05
5.81121288e-04 3.17193768e-05
4.30184506e-04 2.36804201e-05
2.41751529e-04 1.90468223e-05
3.12281085e-04 2.34900080e-05
3.70126870e-04 2.76455927e-05
4.04990522e-04 3.09384509e-05
4.10280386e-04 3.28945443e-05
3.84930615e-04 3.32168825e-05
3.59573704e-04 2.23741082e-05
4.14579978e-04 2.59509721e-05
4.44372206e-04 2.78777541e-05
4.43846771e-04 2.77394127e-05
4.13237126e-04 2.55578507e-05
3.58059958e-04 2.17910014e-05
1.44093072e-03 2.95214950e-05
2.33751209e-03 4.57431123e-05
3.37922764e-03 6.42589391e-05
4.43264958e-03 8.27447147e-05
5.33471707e-03 9.83286815e-05
5.93077439e-03 1.08269303e-04
6.11493286e-03 1.10702953e-04
5.86046611e-03 1.05216441e-04
5.23051727e-03 9.30340747e-05
4.36518479e-03 7.67212781e-05
3.44709433e-03 5.94498424e-05
2.64931786e-03 4.39915267e-05
2.06879895e-03 3.17455302e-05
1.67736553e-03 2.24112567e-05
1.01227583e-03 1.99643230e-05
1.19959879e-03 2.34228785e-05
1.31495186e-03 2.55028609e-05
1.33735211e-03 2.57923851e-05
1.26299567e-03 2.42028041e-05
1.10614356e-03 2.10121167e-05
2.29346794e-04 1.81199561e-05
3.23892683e-04 2.05665161e-05
4.30284941e-04 2.25535581e-05
5.37554035e-04 2.38557662e-05
6.29078323e-04 2.41815209e-05
6.86892846e-04 2.32819665e-05
6.97745306e-04 2.10879081e-05
1.26696205e-03 1.84152996e-05
1.36406400e-03 1.86586379e-05
8.28880309e-04 3.11705923e-05
3.87818062e-04 2.17081318e-05
4.65938147e-04 2.53268925e-05
5.17245909e-04 2.76597871e-05
5.32480033e-04 2.84230578e-05
5.08852201e-04 2.75568432e-05
4.50792182e-04 2.51985044e-05
3.68769419e-04 2.16352916e-05
1.27016479e-03 2.44447528e-05
2.76352901e-03 5.45430612e-05
5.02964782e-03 1.00077709e-04
7.98999773e-03 1.59754390e-04
1.13724703e-02 2.28270091e-04
1.47375260e-02 2.96870628e-04
1.75625406e-02 3.55045076e-04
1.93637274e-02 3.92969527e-04
1.98197365e-02 4.03994411e-04
1.88571548e-02 3.86385459e-04
1.66685275e-02 3.43728947e-04
1.36554368e-02 2.83841173e-04
1.03152802e-02 2.16533375e-04
7.11207623e-03 1.50996387e-04
4.38608036e-03 9.37812162e-05
2.39813044e-03 4.87963684e-05
1.75348245e-03 2.68313800e-05
2.66656753e-03 4.60226997e-05
4.12461906e-03 7.90203072e-05
5.80329427e-03 1.16222703e-04
7.56435506e-03 1.54752029e-04
9.18762596e-03 1.90061510e-04
1.03955981e-02 2.16444561e-04
1.09419708e-02 2.28844493e-04
1.06960518e-02 2.24561749e-04
9.68800370e-03 2.04180898e-04
8.10107755e-03 1.71437497e-04
6.21741130e-03 1.32144864e-04
4.33942342e-03 9.26118688e-05
2.71469790e-03 5.81072132e-05
1.48753085e-03 3.18402072e-05
4.79356441e-04 1.96064350e-05
1.60565683e-03 1.83376772e-05
1.99444841e-03 2.11142469e-05
2.29192530e-03 2.38479634e-05
2.44666433e-03 2.57505585e-05
2.43077115e-03 2.62296376e-05
2.24710547e-03 2.49095468e-05
1.92855092e-03 2.17448287e-05
8.78193897e-04 1.88211500e-05
9.75788334e-04 1.98906645e-05
1.04658375e-03 2.03671414e-05
1.07379235e-03 2.00702896e-05
1.04599605e-03 1.88825000e-05
4.78737688e-04 4.31651386e-05
5.64442161e-04 3.28174053e-05
6.15539539e-04 2.36091928e-05
4.20433510e-04 1.86128881e-05
4.46051028e-04 1.89697205e-05
4.39616695e-04 1.80398664e-05
2.23499876e-04 1.82081357e-05
3.07482367e-04 2.12806546e-05
3.84904630e-04 2.13289767e-05
4.43052297e-04 1.84913324e-05
1.58308505e-03 3.80109498e-05
4.33351224e-03 8.41519189e-05
9.13735708e-03 1.63738656e-04
1.61071553e-02 2.79556421e-04
2.48763001e-02 4.25706910e-04
3.45520097e-02 5.87385658e-04
4.38332056e-02 7.43019610e-04
5.12697321e-02 8.68562312e-04
5.55961542e-02 9.42933092e-04
5.60439607e-02 9.53096995e-04
5.25374101e-02 8.97300440e-04
4.57121510e-02 7.85497362e-04
3.67509826e-02 6.36845894e-04
2.70882854e-02 4.75035868e-04
1.80736122e-02 3.22823537e-04
1.06925672e-02 1.97300801e-04
5.41834659e-03 1.07071275e-04
2.22198131e-03 5.17621198e-05
7.23907063e-04 2.36339259e-05
1.22900017e-03 1.81206464e-05
1.56467495e-03 2.06003833e-05
1.83650739e-03 2.28988736e-05
1.99941978e-03 2.40934157e-05
2.02562678e-03 2.36600671e-05
1.91152621e-03 2.16037486e-05
1.67838715e-03 1.83668504e-05
1.99908988e-04 1.80376851e-05
2.83538275e-04 2.13592723e-05
5.24597075e-04 1.93194810e-05
6.95634333e-04 2.63302885e-05
8.46685985e-04 3.28692547e-05
9.52763504e-04 3.76283905e-05
9.95172371e-04 3.95957002e-05
9.66262759e-04 3.83620134e-05
8.71414823e-04 3.42383024e-05
7.27625546e-04 2.81308059e-05
5.59146710e-04 2.12234485e-05
3.66892870e-04 1.96557214e-05
4.15399418e-04 2.33045240e-05
4.37443918e-04 2.60324486e-05
4.28920467e-04 2.71355456e-05
3.91184936e-04 2.63008731e-05
3.30810604e-04 2.37336730e-05
2.57960282e-04 2.00876796e-05
1.18983539e-03 2.04806787e-05
2.04768795e-03 3.23480819e-05
3.14074239e-03 4.76737573e-05
4.36994778e-03 6.51890088e-05
5.58336276e-03 8.27095498e-05
6.60425960e-03 9.75687364e-05
7.26950291e-03 1.07227011e-04
7.46769975e-03 1.09893051e-04
7.16611194e-03 1.04982769e-04
6.41842885e-03 9.32835880e-05
5.35120353e-03 7.67754956e-05
4.13312032e-03 5.81604041e-05
2.93615465e-03 4.02339024e-05
1.89954988e-03 2.52691186e-05
1.58986374e-03 2.54246404e-05
2.26270246e-03 3.47182468e-05
2.92358615e-03 4.39347862e-05
3.47280377e-03 5.17903517e-05
3.82105763e-03 5.70903992e-05
3.91003526e-03 5.90371935e-05
3.72602003e-03 5.74377072e-05
3.30280067e-03 5.27508117e-05
2.71312991e-03 4.59634809e-05
2.05121456e-03 3.83356383e-05
1.41120615e-03 3.10910346e-05
8.67628082e-04 2.51427142e-05
4.62840058e-04 2.09137851e-05
2.04382022e-04 1.82724275e-05
5.13420154e-04 2.42981947e-05
7.35627399e-04 3.55201099e-05
9.58073176e-04 4.66747866e-05
1.14708100e-03 5.60237272e-05
1.27107400e-03 6.19563920e-05
1.30827347e-03 6.33945042e-05
1.25222935e-03 6.00801300e-05
1.11345939e-03 5.26519442e-05
9.16680932e-04 4.24855391e-05
6.94508164e-04 3.13541517e-05
4.79564316e-04 2.10281652e-05
2.81821597e-04 1.88031978e-05
3.90410410e-04 2.53171305e-05
4.92830182e-04 3.09165638e-05
5.72502466e-04 3.46893524e-05
6.15436140e-04 3.60166710e-05
6.13744233e-04 3.47256531e-05
5.67686772e-04 3.11222977e-05
4.85599056e-04 2.58947372e-05
3.81730170e-04 1.99212619e-05
5.62242292e-04 1.80292264e-05
