id 4
slope 1.311144289894222
intercept 0.0
r2 0.9994251538178281
arctan 0.9192213431896741
n_points 892

x y
1.82949899e-05 2.20790564e-05
2.38840751e-05 2.95921286e-05
2.19371968e-05 2.93510303e-05
2.11692667e-05 2.50299767e-05
2.20785874e-05 2.64507061e-05
1.86801880e-05 2.34071161e-05
1.83963260e-05 2.53440827e-05
2.04008745e-05 2.76104250e-05
2.20557123e-05 2.81704410e-05
2.22136646e-05 2.66892496e-05
1.79867747e-05 2.30242472e-05
4.04190013e-05 4.89787258e-05
2.53528639e-04 3.00822692e-04
2.26699858e-04 2.71706078e-04
1.86284462e-04 2.25832655e-04
1.39262664e-04 1.71211610e-04
9.32608622e-05 1.16502029e-04
5.56166459e-05 6.90187599e-05
2.14171778e-05 2.86875025e-05
2.26812664e-05 2.89529458e-05
2.23478246e-05 2.71441593e-05
2.51123822e-05 3.33108183e-05
3.09679888e-05 3.71469726e-05
2.36242791e-05 2.89939453e-05
1.93737114e-05 2.39401852e-05
1.79110994e-05 2.16430065e-05
2.31960073e-05 2.82319172e-05
1.87984131e-05 2.54404727e-05
1.94137207e-05 2.42471234e-05
2.56095504e-05 3.53038632e-05
3.07074837e-05 4.04985645e-05
3.38490137e-05 4.34399736e-05
3.44474984e-05 4.35580841e-05
3.23497806e-05 4.07919114e-05
2.79021268e-05 3.56223645e-05
2.18974021e-05 2.89676138e-05
1.94988156e-05 2.64669451e-05
1.79047972e-05 2.26318341e-05
2.60193196e-05 3.22009957e-05
1.86478277e-05 2.24997716e-05
1.80353487e-05 2.15802323e-05
1.93108456e-05 2.29949632e-05
2.03270780e-05 2.45917697e-05
1.90721620e-05 2.46589578e-05
2.42604381e-05 3.36472449e-05
2.30968248e-05 3.20159559e-05
1.66181557e-04 1.98130873e-04
1.64276306e-04 1.98814882e-04
1.49759449e-04 1.84884198e-04
1.25459763e-04 1.59199004e-04
9.58068636e-05 1.26526490e-04
1.92939644e-05 2.65233470e-05
1.90502006e-05 2.29406092e-05
1.93747244e-05 2.42158437e-05
1.83721929e-05 2.35960240e-05
2.01203229e-05 2.44967091e-05
2.22028186e-05 2.71448109e-05
2.23127992e-05 2.78620306e-05
2.08166534e-05 2.65637146e-05
1.84497960e-05 2.36552330e-05
1.87048179e-05 2.58583787e-05
1.86399135e-05 2.21396673e-05
1.86624608e-05 2.33323778e-05
1.94588702e-05 2.39158197e-05
1.89512378e-05 2.28116141e-05
1.91052439e-05 2.37579410e-05
1.99895097e-05 2.70262929e-05
2.23903956e-05 2.82066585e-05
2.35219474e-05 2.80059586e-05
1.95007228e-05 2.60473662e-05
2.15508384e-05 2.96009353e-05
2.25228050e-05 3.11582625e-05
2.23345173e-05 3.05152301e-05
2.11058838e-05 2.78778571e-05
1.91062483e-05 2.38023427e-05
2.78603052e-05 3.43621962e-05
4.08643061e-05 5.18497814e-05
3.13528640e-05 4.31395462e-05
4.46038424e-05 5.27099419e-05
1.82500523e-05 2.44627821e-05
1.79155467e-05 2.47048165e-05
2.49355081e-05 3.08280071e-05
1.95790820e-05 2.41068315e-05
2.04360266e-05 2.50476711e-05
1.98917118e-05 2.42284883e-05
1.81247115e-05 2.19055500e-05
2.22694892e-05 2.76600453e-05
2.75231918e-05 3.30392802e-05
2.13671897e-05 2.68216720e-05
2.04850489e-05 2.56878087e-05
2.19465340e-05 2.83304744e-05
2.18649633e-05 2.93997644e-05
2.66680549e-05 3.63517558e-05
2.48795951e-05 3.21578535e-05
2.12617706e-05 2.73839329e-05
1.67500536e-04 1.99440926e-04
1.73034029e-04 2.09125460e-04
1.65425054e-04 2.03285231e-04
1.45915127e-04 1.83000513e-04
1.17953091e-04 1.51945520e-04
8.62906880e-05 1.15406376e-04
2.22750010e-05 2.72481898e-05
2.48217800e-05 3.40883574e-05
2.32739870e-05 3.13532298e-05
2.33142225e-05 3.09209611e-05
2.65184669e-05 3.27558396e-05
1.85845024e-05 2.29495132e-05
5.61796851e-05 6.91066425e-05
2.44468774e-05 2.89897521e-05
2.83658755e-05 3.58020568e-05
3.06576297e-05 4.00331902e-05
3.10687601e-05 4.11143296e-05
2.97699246e-05 3.90473357e-05
2.72668735e-05 3.43314857e-05
2.16489408e-05 2.57533965e-05
1.92154525e-05 2.28025789e-05
2.16102911e-05 2.56025772e-05
2.64522718e-05 3.54931124e-05
2.24630844e-05 2.74534673e-05
1.85035665e-05 2.50373692e-05
2.27795238e-05 2.85853995e-05
2.59964485e-05 3.47587154e-05
2.54899358e-05 3.49752030e-05
3.88147948e-05 4.86468527e-05
5.17881213e-05 6.12404156e-05
2.08714572e-05 2.73009900e-05
3.26882709e-05 4.05945177e-05
4.57472502e-05 5.48196139e-05
3.22312231e-05 4.30013640e-05
4.06413694e-05 5.20845271e-05
4.67354241e-05 5.77049880e-05
4.93414032e-05 5.86839474e-05
2.88033241e-05 3.93808267e-05
1.88262465e-05 2.50213736e-05
2.49860421e-05 3.19595989e-05
3.04337083e-05 3.80864660e-05
3.42563776e-05 4.23454592e-05
3.57860350e-05 4.38687246e-05
3.47538334e-05 4.22344487e-05
3.13686332e-05 3.76095651e-05
3.29532294e-05 4.57632569e-05
2.61937409e-05 3.10317790e-05
1.78672432e-05 2.27262287e-05
2.36338808e-05 2.86298726e-05
4.24495570e-05 5.64629657e-05
4.83774011e-05 6.02387304e-05
5.04316125e-05 5.97044468e-05
2.36725075e-05 2.89673625e-05
1.00674690e-04 1.19073053e-04
7.06845900e-05 8.74742646e-05
4.33463681e-05 5.74024398e-05
2.66546121e-05 3.57489386e-05
5.45521009e-05 6.64795682e-05
2.18773300e-05 2.66809594e-05
1.97873368e-05 2.66185169e-05
4.94663181e-05 6.76452404e-05
3.77077805e-05 4.84444756e-05
2.30965253e-05 2.76174649e-05
2.26778664e-05 2.87480110e-05
2.84993488e-05 3.44800158e-05
1.84905763e-05 2.25692070e-05
2.51692390e-05 3.14442916e-05
1.87938598e-05 2.26758288e-05
2.83081590e-05 3.68890407e-05
4.00627783e-05 5.03998170e-05
5.02205627e-05 6.31860420e-05
5.69655932e-05 7.31431718e-05
5.90315862e-05 7.86137923e-05
3.64045778e-05 4.97945782e-05
4.92315426e-05 6.31521549e-05
6.11601532e-05 7.38698183e-05
1.92930076e-05 2.65930515e-05
5.34212739e-05 6.73465199e-05
2.77467634e-05 3.55839962e-05
1.98586032e-05 2.44818645e-05
1.83330127e-05 2.28485739e-05
1.95822384e-05 2.50266740e-05
3.76802004e-05 5.00263004e-05
3.23683583e-05 4.26260766e-05
1.98281376e-05 2.36847725e-05
1.82469962e-05 2.21940159e-05
2.24798085e-05 2.91314258e-05
7.07491879e-05 9.81690916e-05
3.57746712e-05 4.69021101e-05
4.16717114e-05 5.18920708e-05
2.65776390e-05 3.58053837e-05
2.76718506e-05 3.30439752e-05
3.71972661e-05 4.92639607e-05
2.07092744e-05 2.69099726e-05
1.83439499e-05 2.19565442e-05
2.35973958e-05 3.26408186e-05
2.77281929e-05 3.44239091e-05
2.00492710e-05 2.67109569e-05
2.05761311e-05 2.62900812e-05
5.77782083e-05 6.96995312e-05
3.91962829e-05 5.03602148e-05
1.95243825e-05 2.60864518e-05
5.59785823e-05 7.06338961e-05
2.05177346e-05 2.55377565e-05
2.37898774e-05 3.04883611e-05
1.82522058e-05 2.31518266e-05
2.20851081e-05 3.05634242e-05
2.22841170e-05 2.94456573e-05
2.11337116e-05 2.66506536e-05
1.87794359e-05 2.25602694e-05
2.12501714e-05 2.67338254e-05
2.83225151e-05 3.34023480e-05
4.30409233e-05 5.94209461e-05
2.36592445e-05 2.81374576e-05
5.74770853e-05 6.85053226e-05
5.87168537e-05 7.17316600e-05
5.60939880e-05 7.03370501e-05
5.00191719e-05 6.46664826e-05
4.15361763e-05 5.58321710e-05
1.81122557e-05 2.48539245e-05
2.32438440e-05 3.02015777e-05
4.31313277e-05 5.14727473e-05
4.06060883e-05 5.15598013e-05
2.34548261e-05 2.84631469e-05
5.38266818e-04 6.64729475e-04
3.02734824e-05 3.58105688e-05
1.90216559e-05 2.58706189e-05
3.61628811e-05 5.00044618e-05
5.01687965e-05 6.58495660e-05
6.30439121e-05 7.95755460e-05
7.25793876e-05 8.88461012e-05
7.70903128e-05 9.20272501e-05
5.33507706e-05 6.32553898e-05
3.57975511e-05 4.40616608e-05
2.07340444e-05 2.78490601e-05
1.82353353e-05 2.45910250e-05
2.01697371e-05 2.48037397e-05
7.50020408e-05 9.19573857e-05
4.56810210e-05 6.35242148e-05
1.94770603e-05 2.31331840e-05
2.61527568e-05 3.39312551e-05
6.29010696e-05 7.53843037e-05
3.55519868e-05 4.27190743e-05
2.39801857e-05 3.12510873e-05
3.91318156e-05 4.80864686e-05
1.83466621e-05 2.25676162e-05
1.81806493e-05 2.41450866e-05
2.08772860e-05 2.58282398e-05
2.67231345e-05 3.34093133e-05
3.47614557e-05 4.76869718e-05
2.27550819e-05 2.77334885e-05
1.98401713e-05 2.63850937e-05
2.97133377e-05 3.75412005e-05
5.95702790e-05 7.08312439e-05
4.55892521e-05 5.92012834e-05
3.13102558e-05 3.85526174e-05
3.08113164e-05 3.92288110e-05
2.54339404e-05 3.41336175e-05
2.67757497e-05 3.33146612e-05
2.34073732e-05 2.97971128e-05
2.00593438e-05 2.48556489e-05
2.42112734e-05 3.21393006e-05
2.52871232e-05 3.26890379e-05
2.40197565e-05 3.13368051e-05
2.09855883e-05 2.83015263e-05
1.84227720e-05 2.45970957e-05
2.67771722e-05 3.25645921e-05
2.18308734e-05 2.99774719e-05
2.22791257e-05 3.04087131e-05
2.18859224e-05 2.82013731e-05
2.16441829e-05 2.60537154e-05
2.31205469e-05 3.12981076e-05
3.23239007e-05 4.24480423e-05
1.38250252e-04 1.82864223e-04
2.63965611e-05 3.11855926e-05
2.90837170e-05 3.52676879e-05
3.01302899e-05 3.69375134e-05
2.93046342e-05 3.57681195e-05
2.67660360e-05 3.18127053e-05
3.11714651e-05 3.76495058e-05
2.35355819e-05 2.99006851e-05
2.06886867e-05 2.44896376e-05
1.81183666e-05 2.21567108e-05
4.08785337e-05 5.18331674e-05
5.40294990e-05 7.11804123e-05
6.59455717e-05 8.82793798e-05
7.45585923e-05 1.00154094e-04
7.82569744e-05 1.04617750e-04
7.63177328e-05 1.00879019e-04
6.91007865e-05 8.97868624e-05
5.79363230e-05 7.36169058e-05
4.47458898e-05 5.54584924e-05
3.15366881e-05 3.84006959e-05
1.99553240e-05 2.47832193e-05
1.87318859e-05 2.47556850e-05
1.90407496e-05 2.48286183e-05
2.07212020e-05 2.80583235e-05
1.89180998e-05 2.43414971e-05
3.98099138e-05 5.34085898e-05
2.15755881e-05 2.81503086e-05
2.43483981e-05 3.33402095e-05
3.19495166e-05 3.82300101e-05
3.03113964e-05 3.75302356e-05
1.84835988e-05 2.24565871e-05
1.85934159e-05 2.41687230e-05
1.80805093e-05 2.50177498e-05
1.10075815e-04 1.32084722e-04
1.43446711e-04 1.75707197e-04
1.71963357e-04 2.12939587e-04
1.90882817e-04 2.37577147e-04
1.96940817e-04 2.45325026e-04
1.89152878e-04 2.34862629e-04
1.69042660e-04 2.08154050e-04
1.40236067e-04 1.69922822e-04
3.39675851e-05 4.09672627e-05
2.65066488e-04 3.45636147e-04
3.02053824e-05 3.84043123e-05
1.96312246e-05 2.40675807e-05
2.74882934e-05 3.44703323e-05
1.87559547e-05 2.44509555e-05
2.34224086e-05 2.93951370e-05
2.16397905e-05 2.96996999e-05
4.47895642e-05 5.44800608e-05
4.81214820e-05 6.01968983e-05
5.48308091e-05 6.54204954e-05
3.52267678e-05 4.37875552e-05
2.17527666e-05 2.81740764e-05
3.11393566e-05 3.80495987e-05
2.48416341e-05 3.17139612e-05
2.13185558e-05 2.92938561e-05
2.31106292e-05 3.18877853e-05
2.42437872e-05 3.20676342e-05
2.38877445e-05 3.00126783e-05
2.19927215e-05 2.61737416e-05
2.31490065e-05 2.84737021e-05
3.15823463e-05 3.75225890e-05
2.23944893e-05 2.97586458e-05
5.28647533e-05 6.42508706e-05
6.25429918e-05 7.83913205e-05
7.06409916e-05 8.95339972e-05
7.46415502e-05 9.50300918e-05
7.32524023e-05 9.35525745e-05
6.65131408e-05 8.52658230e-05
5.56097286e-05 7.16393218e-05
4.24274717e-05 5.49603683e-05
2.89940568e-05 3.77223983e-05
3.83279370e-05 4.85767112e-05
4.96104878e-05 5.90557671e-05
3.85119398e-05 5.23061094e-05
3.51129883e-05 4.51108597e-05
3.69224228e-05 4.48926028e-05
2.37784546e-05 2.93546462e-05
2.31812243e-05 2.76607987e-05
2.06184962e-05 2.60729860e-05
2.61446983e-05 3.11464728e-05
3.23106115e-05 4.38522815e-05
4.55983848e-05 5.71395123e-05
5.72969894e-05 6.76834745e-05
2.83195660e-05 3.37080051e-05
2.18767066e-05 2.61550641e-05
3.84067180e-05 4.59487465e-05
1.82740977e-05 2.42956636e-05
1.99460685e-05 2.51257168e-05
2.20814882e-05 2.64689782e-05
2.15415489e-05 2.95556828e-05
2.42922648e-05 2.96310540e-05
1.79138722e-05 2.16016604e-05
1.99957002e-05 2.44510802e-05
1.81849073e-05 2.51831164e-05
1.78607398e-05 2.28018352e-05
1.94598017e-05 2.42609737e-05
1.92052475e-05 2.32578461e-05
2.37550534e-05 3.16804410e-05
2.94406469e-05 3.96910299e-05
3.50376710e-05 4.58966847e-05
3.92370853e-05 4.91664394e-05
4.10263066e-05 4.89099710e-05
2.22356890e-05 2.78411401e-05
3.80337034e-05 4.51551692e-05
4.73509248e-05 5.68232765e-05
2.95958011e-05 3.84915276e-05
8.55613930e-05 1.17128606e-04
1.00274747e-04 1.33983657e-04
1.09059568e-04 1.42041648e-04
1.10287271e-04 1.39795686e-04
1.03799575e-04 1.27692167e-04
9.09407703e-05 1.07943427e-04
2.59360418e-05 3.25810051e-05
1.85400898e-05 2.37722066e-05
2.62292395e-05 3.17348235e-05
4.44845473e-05 5.55722482e-05
2.41248340e-05 2.98110103e-05
3.31279544e-05 4.36522632e-05
4.78648702e-05 6.08917519e-05
6.34263322e-05 7.90218433e-05
7.81141440e-05 9.57629602e-05
9.00475129e-05 1.08827608e-04
9.75497278e-05 1.16398717e-04
9.95343864e-05 1.17520816e-04
6.07235106e-05 7.25065398e-05
4.69671370e-05 5.75311033e-05
3.48497299e-05 4.42096883e-05
2.51640021e-05 3.31202660e-05
1.80572949e-05 2.42688134e-05
3.23236152e-05 4.15407455e-05
6.19638813e-05 8.30748604e-05
1.03336518e-04 1.41765603e-04
1.52980675e-04 2.12482073e-04
6.85034336e-05 9.33642848e-05
3.62203853e-05 4.54583882e-05
2.75695203e-05 3.31096477e-05
3.32595599e-05 4.27023275e-05
3.73743835e-05 5.05957123e-05
4.27050406e-05 5.55888359e-05
4.93966807e-05 5.96753849e-05
2.41877221e-05 3.19582041e-05
2.71248432e-05 3.40343499e-05
2.79146306e-05 3.44825581e-05
2.64358516e-05 3.31080676e-05
2.29862903e-05 3.00565873e-05
2.41308531e-05 2.84841009e-05
1.90014984e-05 2.38890030e-05
1.97839630e-05 2.45229949e-05
1.90818182e-05 2.36532359e-05
2.38973395e-05 2.85950714e-05
2.16906393e-05 2.74843953e-05
1.82716967e-05 2.44730715e-05
2.20926408e-05 2.86687317e-05
2.49290503e-05 3.01465926e-05
3.38731337e-05 4.43976404e-05
1.19462727e-04 1.54645870e-04
2.86608775e-04 3.66231889e-04
5.42893644e-04 6.89464076e-04
8.77998452e-04 1.11154679e-03
1.25966190e-03 1.59194175e-03
1.63726096e-03 2.06690852e-03
1.95167829e-03 2.46195237e-03
2.14889940e-03 2.70900532e-03
2.19341681e-03 2.76338269e-03
2.07735495e-03 2.61533034e-03
1.82246345e-03 2.29253499e-03
1.47436247e-03 1.85281055e-03
1.09087477e-03 1.36929129e-03
7.28074840e-04 9.12747596e-04
4.28211099e-04 5.36302678e-04
2.12794019e-04 2.66708134e-04
8.23703209e-05 1.03983005e-04
2.32868017e-05 2.88730411e-05
1.94755641e-05 2.54906120e-05
1.81779206e-05 2.18237325e-05
2.03068841e-05 2.39638934e-05
2.02546206e-05 2.68852371e-05
2.28984390e-05 3.01865636e-05
2.39536111e-05 3.12293430e-05
2.30585083e-05 2.99759876e-05
2.03433047e-05 2.68912504e-05
2.09788782e-05 2.61848442e-05
2.82166629e-05 3.75682222e-05
3.54049538e-05 4.72325861e-05
4.11233890e-05 5.38222629e-05
4.40510454e-05 5.62977369e-05
4.33241945e-05 5.41489536e-05
3.88019594e-05 4.75314362e-05
3.12192223e-05 3.72977337e-05
6.13169057e-05 7.67922794e-05
9.88453892e-05 1.17264639e-04
2.54555191e-04 3.02645696e-04
2.64077792e-04 3.17121216e-04
2.54314390e-04 3.08657080e-04
2.26959049e-04 2.78688446e-04
1.86837905e-04 2.32645418e-04
1.40696066e-04 1.78515495e-04
9.56139729e-05 1.24816783e-04
5.76732899e-05 7.86177877e-05
3.17873690e-05 4.41850753e-05
6.09987466e-05 8.36056793e-05
4.70498932e-05 6.27724519e-05
3.25020846e-05 4.13502457e-05
5.50637794e-05 7.38598277e-05
7.42576135e-05 9.62321690e-05
9.10192870e-05 1.15519667e-04
1.02559556e-04 1.28339851e-04
1.06819272e-04 1.32077601e-04
1.02955632e-04 1.25553407e-04
9.15437626e-05 1.09362020e-04
8.84908494e-05 1.11938634e-04
1.17572916e-04 1.43169540e-04
1.38871608e-04 1.66922807e-04
1.49308818e-04 1.79070870e-04
1.47562947e-04 1.77541959e-04
1.34412918e-04 1.62823865e-04
1.12574136e-04 1.37793620e-04
8.60647813e-05 1.06943382e-04
5.92903475e-05 7.52549759e-05
3.61295072e-05 4.70634537e-05
1.93318719e-05 2.52259222e-05
6.16799330e-05 8.55726257e-05
6.76922336e-05 8.97326466e-05
6.88992980e-05 8.78058232e-05
6.51884899e-05 8.00669119e-05
5.73090975e-05 6.78870985e-05
2.61634010e-05 3.42609582e-05
2.33287424e-05 3.11323512e-05
2.33679342e-05 2.90912942e-05
6.77553333e-05 8.40358903e-05
8.71336934e-05 1.12458711e-04
1.03530151e-04 1.37088742e-04
1.14264853e-04 1.53757925e-04
1.17411714e-04 1.59402973e-04
1.12330951e-04 1.52751950e-04
9.98814722e-05 1.34627692e-04
8.22405878e-05 1.07794726e-04
6.23943123e-05 7.63876718e-05
6.20264865e-05 8.01723379e-05
8.33364491e-05 1.13541324e-04
1.05253255e-04 1.46137406e-04
1.39601825e-04 1.93924571e-04
1.32920996e-04 1.84578453e-04
2.08174055e-05 2.78391977e-05
1.79723954e-05 2.18888541e-05
1.96165424e-05 2.56902550e-05
2.00515024e-05 2.63653311e-05
1.93036673e-05 2.40725890e-05
2.30396862e-05 2.73735856e-05
2.74189020e-05 3.33861970e-05
2.98386940e-05 3.80099183e-05
2.98417862e-05 4.01902128e-05
8.46592581e-05 1.14455884e-04
2.95913954e-04 3.98049575e-04
6.82640213e-04 9.17935456e-04
1.25263925e-03 1.68138172e-03
1.97328586e-03 2.64281015e-03
2.76681192e-03 3.69705905e-03
3.52141176e-03 4.69467855e-03
4.11448582e-03 5.47322573e-03
4.44173802e-03 5.89589967e-03
4.44353925e-03 5.88605429e-03
4.12041139e-03 5.44694448e-03
3.53275331e-03 4.66054902e-03
2.78492574e-03 3.66594979e-03
1.99875948e-03 2.62417135e-03
1.28469606e-03 1.68034029e-03
7.19061307e-04 9.34237355e-04
3.33507187e-04 4.27082104e-04
1.18881884e-04 1.48303911e-04
1.18050997e-04 1.49925682e-04
1.85607766e-05 2.34955179e-05
5.23326030e-05 7.22635839e-05
3.98867380e-05 5.28912555e-05
2.82521603e-05 3.50464461e-05
1.79002051e-05 2.46325158e-05
2.06848744e-05 2.81204846e-05
2.15221434e-05 2.81363027e-05
2.08008444e-05 2.86412531e-05
2.43613572e-05 3.17531599e-05
2.76220149e-05 3.32283240e-05
2.17672516e-05 2.70230871e-05
2.33043601e-05 3.09782407e-05
3.32763387e-05 4.36682944e-05
2.67284604e-05 3.43702384e-05
2.21952103e-05 3.01696618e-05
2.67928709e-05 3.67761758e-05
3.15932397e-05 3.86322625e-05
2.68820951e-05 3.18303064e-05
2.35591828e-05 2.92940682e-05
2.08815951e-05 2.64236831e-05
1.89843756e-05 2.32088305e-05
2.90523857e-05 3.53274396e-05
2.25244941e-05 2.70956993e-05
2.11092978e-05 2.76796669e-05
6.77781504e-05 8.55907936e-05
4.04881318e-05 5.15743418e-05
2.54141795e-05 3.33171812e-05
3.22457439e-05 4.22175314e-05
4.05482281e-05 5.57024450e-05
4.43699987e-05 6.14667974e-05
7.58587508e-05 1.02141675e-04
1.16543672e-04 1.54098385e-04
1.62351656e-04 2.12192603e-04
2.06723018e-04 2.68106189e-04
2.41796829e-04 3.11886715e-04
2.60254645e-04 3.34276666e-04
2.57296469e-04 3.29206466e-04
2.32165485e-04 2.95729474e-04
1.88753553e-04 2.38818216e-04
1.35082814e-04 1.68811946e-04
8.17962999e-05 9.99591302e-05
4.01442560e-05 5.01080240e-05
2.30754251e-05 2.85147326e-05
1.03848864e-04 1.22467877e-04
6.58472251e-05 7.98206586e-05
4.08375395e-05 5.16738064e-05
2.43481961e-05 3.31404047e-05
2.22746702e-05 2.98428093e-05
2.60632842e-05 3.19440053e-05
2.68509343e-05 3.38332793e-05
4.17708044e-05 5.23616883e-05
5.77303555e-05 7.26359376e-05
7.26303835e-05 9.17717707e-05
8.42625757e-05 1.06623098e-04
9.07853145e-05 1.14547192e-04
9.11636593e-05 1.14103705e-04
8.54283702e-05 1.05451405e-04
7.46672318e-05 9.03059385e-05
1.80291099e-05 2.47335723e-05
3.66108400e-05 4.94189762e-05
4.28530210e-05 5.39209027e-05
4.70200761e-05 5.83099141e-05
4.82292406e-05 6.15606295e-05
4.59439985e-05 6.14720186e-05
2.11789906e-05 2.57156755e-05
6.81354839e-05 8.45305178e-05
2.27257935e-05 2.79461313e-05
3.29601654e-05 4.13442240e-05
4.42551884e-05 5.55387318e-05
5.70586518e-05 7.04571679e-05
7.25866479e-05 8.70874481e-05
3.09238123e-05 3.76521303e-05
2.10076462e-05 2.77251424e-05
3.94950732e-05 4.75262086e-05
2.75417243e-05 3.65205564e-05
2.74485373e-05 3.50867585e-05
6.24050058e-05 7.64053811e-05
1.14254836e-04 1.35923332e-04
3.09708424e-05 3.65767187e-05
1.89929346e-05 2.35496502e-05
1.90286233e-05 2.51361484e-05
2.03141070e-05 2.72996598e-05
4.99195160e-05 6.25682363e-05
5.73120179e-05 7.04642135e-05
5.62372737e-05 7.45110583e-05
3.41247701e-05 4.43578664e-05
2.36735771e-05 3.19389815e-05
3.51543799e-05 4.21591865e-05
3.79471950e-05 4.53772486e-05
1.78509937e-05 2.32783963e-05
2.20830638e-05 2.72142421e-05
2.32776577e-05 3.07814046e-05
4.12198291e-05 5.28583303e-05
3.36424105e-05 3.99072627e-05
3.14374135e-05 4.07791636e-05
3.57935543e-05 4.23492305e-05
2.47845252e-05 3.25685394e-05
2.73686924e-05 3.43052189e-05
3.40438250e-05 4.52185986e-05
2.81119175e-05 3.60298733e-05
2.25107862e-05 2.72339920e-05
5.71185631e-05 6.74850620e-05
5.74188565e-05 6.97858333e-05
5.36736057e-05 6.69981066e-05
4.65051032e-05 5.95412940e-05
3.70480679e-05 4.86921586e-05
2.67118100e-05 3.63084461e-05
7.27343612e-05 1.00777829e-04
7.61661915e-05 9.36307722e-05
4.33816551e-05 5.73642463e-05
4.97484156e-05 6.79022081e-05
2.00563676e-05 2.37324838e-05
2.28564132e-05 2.85395174e-05
2.43303414e-05 3.12963844e-05
2.42963218e-05 2.95548730e-05
2.05015453e-04 2.46027738e-04
2.66367975e-05 3.68635303e-05
3.70049665e-05 4.54303359e-05
1.97708492e-05 2.45079462e-05
2.03592494e-05 2.49889287e-05
1.91689597e-05 2.36881358e-05
3.84110427e-05 4.54303536e-05
2.75274080e-05 3.81503646e-05
2.85733177e-05 3.57744830e-05
2.30482214e-05 3.14030646e-05
2.35950875e-05 3.19290255e-05
1.86159062e-05 2.54722233e-05
2.82241608e-05 3.37965061e-05
3.40274614e-05 4.69104154e-05
4.80739702e-05 6.10107631e-05
6.10032634e-05 7.35049488e-05
2.83095951e-05 3.59929971e-05
2.68616281e-05 3.17101051e-05
1.86428631e-05 2.55491080e-05
2.24396377e-05 2.90872025e-05
2.60694809e-05 3.13207450e-05
5.18112069e-05 6.36855065e-05
1.96328722e-05 2.72748029e-05
2.09644772e-05 2.73566180e-05
2.02939122e-05 2.56922939e-05
9.89033172e-05 1.19893298e-04
8.25403376e-05 1.03830233e-04
6.39116440e-05 8.38814016e-05
4.61451975e-05 6.29209295e-05
3.17959121e-05 4.35984354e-05
2.20632236e-05 2.82458360e-05
2.18366881e-05 2.65425983e-05
2.46733922e-05 2.93249865e-05
2.52968644e-05 3.03017285e-05
2.35957950e-05 2.95612802e-05
2.00590201e-05 2.75444635e-05
6.46796281e-05 8.75196367e-05
1.81299811e-05 2.47022516e-05
4.35411021e-05 5.77697557e-05
7.22869476e-05 8.68006747e-05
6.55321407e-05 7.72899750e-05
2.32254084e-05 2.82463319e-05
1.87028698e-05 2.50250246e-05
1.78814578e-05 2.32956961e-05
2.38982107e-05 2.86052936e-05
1.82723554e-05 2.36377359e-05
4.15298028e-05 5.47975950e-05
2.02577632e-05 2.56853987e-05
2.35421371e-05 3.03702525e-05
2.90561412e-05 3.49985506e-05
2.10557222e-05 2.85435025e-05
1.99348262e-05 2.35110139e-05
3.25330177e-05 4.22234579e-05
1.99419902e-05 2.53825060e-05
2.28672345e-05 2.74634487e-05
1.95893925e-05 2.45833015e-05
1.99744034e-05 2.49560708e-05
2.77685355e-05 3.55726961e-05
4.54855852e-05 5.40970592e-05
6.35571438e-05 7.58002786e-05
4.45884661e-05 5.62636655e-05
2.76104789e-05 3.83252111e-05
8.19534748e-05 1.05704644e-04
3.44667123e-05 4.12581099e-05
2.10149560e-05 2.70216988e-05
3.20031734e-05 3.93478759e-05
6.54207454e-05 8.75763545e-05
8.40855758e-05 1.12516446e-04
1.08906016e-04 1.36192999e-04
1.26485300e-04 1.52805469e-04
1.34324103e-04 1.59401626e-04
3.47693056e-05 4.35523052e-05
2.19562563e-05 2.83712955e-05
1.89656452e-05 2.36447765e-05
1.92894559e-05 2.59951545e-05
1.92859496e-05 2.39553110e-05
1.86029510e-05 2.38990214e-05
4.01321321e-05 4.79916074e-05
1.80592925e-05 2.28993823e-05
1.88304464e-05 2.32577990e-05
2.92849572e-05 3.47593498e-05
1.84065502e-05 2.53911108e-05
1.80831524e-05 2.24160255e-05
1.92851219e-05 2.38767330e-05
2.07203717e-05 2.52532134e-05
2.08157418e-05 2.55920216e-05
1.94987490e-05 2.50087172e-05
2.04248430e-05 2.61671772e-05
2.08401808e-05 2.51573699e-05
1.95318873e-05 2.52901631e-05
2.66453409e-05 3.34618418e-05
5.34945839e-05 6.68356709e-05
2.81500988e-05 3.87703550e-05
2.84165131e-05 3.78989453e-05
2.66731435e-05 3.49116350e-05
2.31707225e-05 3.02594007e-05
1.84147294e-05 2.45956459e-05
1.98764223e-05 2.35064816e-05
3.47126093e-05 4.14487266e-05
2.05542839e-05 2.58630311e-05
2.28618272e-05 2.79270430e-05
6.60062996e-05 8.49422680e-05
1.17910424e-04 1.45957846e-04
1.82074589e-04 2.21459556e-04
2.50705184e-04 3.02108060e-04
3.13376138e-04 3.75405556e-04
3.59292672e-04 4.28616767e-04
3.79945953e-04 4.51974518e-04
3.71336098e-04 4.41172117e-04
3.35052769e-04 3.98352881e-04
2.77858411e-04 3.31303722e-04
2.09902991e-04 2.51169393e-04
1.42137896e-04 1.69517522e-04
2.60303912e-05 3.28917156e-05
2.08265567e-05 2.50984712e-05
5.01088648e-05 6.10938006e-05
5.70296223e-05 7.12922907e-05
2.27620310e-05 2.96538489e-05
3.09755187e-05 3.76703998e-05
2.80472187e-05 3.60781036e-05
2.43406932e-05 3.24387286e-05
2.04272078e-05 2.73217996e-05
3.73657712e-05 4.72104395e-05
1.98635611e-05 2.55370685e-05
4.29130450e-05 5.65140545e-05
2.16894361e-05 2.60395080e-05
2.39459325e-05 3.14320320e-05
2.67460100e-05 3.66744093e-05
2.98986611e-05 4.15488144e-05
3.30297947e-05 4.57341488e-05
3.56488265e-05 4.88070410e-05
3.72501370e-05 5.03065508e-05
3.74224968e-05 4.98505468e-05
3.59431717e-05 4.72679479e-05
3.28379530e-05 4.26989209e-05
2.83942111e-05 3.66196336e-05
2.31203076e-05 2.97695408e-05
2.77229765e-05 3.61084245e-05
3.58432348e-05 4.30997513e-05
2.30939887e-05 3.15242879e-05
2.72815022e-05 3.32628618e-05
2.74649830e-05 3.30425473e-05
2.35817085e-05 3.15975359e-05
2.91634218e-05 3.51714179e-05
4.23042854e-05 5.46434267e-05
5.67427292e-05 7.47086158e-05
7.05149006e-05 9.25054828e-05
8.13594399e-05 1.05228510e-04
8.73018502e-05 1.10807505e-04
8.71802220e-05 1.08432469e-04
8.09411595e-05 9.87546708e-05
6.96205067e-05 8.37001884e-05
5.50370155e-05 6.59613239e-05
3.93281462e-05 4.83350010e-05
2.45295972e-05 3.31183976e-05
4.46664147e-05 5.31496270e-05
3.83552078e-05 5.09014262e-05
4.25254472e-05 5.08352126e-05
3.37517848e-05 4.13456163e-05
2.54991747e-05 3.15148336e-05
1.82807371e-05 2.25902479e-05
2.03800151e-05 2.53147222e-05
2.23981077e-05 2.86772816e-05
2.56862488e-05 3.05479798e-05
2.40045442e-05 2.95831008e-05
1.92946910e-05 2.28839067e-05
1.98460299e-05 2.56861245e-05
1.95783544e-05 2.70256722e-05
2.47817500e-05 3.36923053e-05
1.90082916e-05 2.57846358e-05
1.90219964e-05 2.50065250e-05
2.63684482e-05 3.26394099e-05
1.83014248e-05 2.38496476e-05
1.81309495e-05 2.30797334e-05
3.00937296e-05 3.68904575e-05
2.09525725e-05 2.74358221e-05
2.04072796e-05 2.48339266e-05
3.28249760e-05 4.10281693e-05
1.06903383e-04 1.38494847e-04
6.20983158e-05 8.13045103e-05
2.51407839e-05 3.45218072e-05
2.10056363e-05 2.84354509e-05
2.19115325e-05 2.79717792e-05
7.85534973e-05 1.05976076e-04
1.43115978e-04 1.93168258e-04
1.80811285e-04 2.28729257e-04
2.05060770e-04 2.50566702e-04
2.11958297e-04 2.54718050e-04
2.01765403e-04 2.40393791e-04
1.77772433e-04 2.10188708e-04
2.33455600e-05 2.82973235e-05
1.95183490e-05 2.55662946e-05
2.20112904e-05 2.92358368e-05
7.68609471e-05 1.05529026e-04
2.42811757e-05 2.91736390e-05
2.58001348e-05 3.47983761e-05
2.04475291e-05 2.55212219e-05
4.11620321e-05 5.28812027e-05
2.66071530e-05 3.33071662e-05
2.29216667e-05 3.08787923e-05
2.06399795e-05 2.48917222e-05
3.56246962e-05 4.68926749e-05
3.65868483e-05 4.42707554e-05
7.00739377e-05 9.16218438e-05
1.04296007e-04 1.29769607e-04
1.42325223e-04 1.71069295e-04
2.95573339e-05 3.77469633e-05
2.28415994e-05 2.89011735e-05
3.45311856e-05 4.23285189e-05
2.38226277e-05 3.30190361e-05
2.91363420e-05 3.52468619e-05
2.50014745e-05 3.42931461e-05
1.93516051e-05 2.31477930e-05
1.81087441e-05 2.29775275e-05
3.42771500e-05 4.76179100e-05
2.59176935e-05 3.30679226e-05
1.92844666e-05 2.32294377e-05
2.23358945e-05 2.80182074e-05
7.08898109e-05 8.62390608e-05
2.03198434e-05 2.47879078e-05
2.91281957e-05 3.82955005e-05
3.14971150e-05 3.90676225e-05
3.15486268e-05 3.75201175e-05
2.42807611e-05 2.91538931e-05
2.45167092e-05 2.96135298e-05
1.07789504e-04 1.30619143e-04
1.17867043e-04 1.48454483e-04
1.21999203e-04 1.56692802e-04
1.18751484e-04 1.53915015e-04
1.08150234e-04 1.40671265e-04
9.16794087e-05 1.19343366e-04
7.18650626e-05 9.35492301e-05
5.16092815e-05 6.72669534e-05
3.34988203e-05 4.39327023e-05
1.93115481e-05 2.57548227e-05
1.98106335e-05 2.45541255e-05
