id 1
slope 0.8399739694931367
intercept 0.0
r2 0.9996122231852986
arctan 0.6986445627370741
n_points 2109

x y
3.23024917e-05 2.72910837e-05
3.67712470e-05 3.05324081e-05
3.83743529e-05 3.17467419e-05
3.69025051e-05 3.07066774e-05
3.27344238e-05 2.76130066e-05
2.46010669e-05 2.01219360e-05
2.38721502e-05 1.93021533e-05
3.43769302e-05 2.53615210e-05
2.93344129e-05 2.47674546e-05
2.56553387e-05 2.17835012e-05
2.87704342e-05 2.10403613e-05
3.05973746e-05 2.61141156e-05
3.03913966e-05 2.34771550e-05
2.85222808e-05 2.08385970e-05
2.27617052e-05 1.91638501e-05
2.33627984e-05 1.90872295e-05
2.85125688e-05 2.15009958e-05
2.49253380e-05 1.82374122e-05
2.29572518e-05 1.93557776e-05
2.39794181e-05 1.93630856e-05
2.67800159e-05 2.24905635e-05
5.37449946e-05 4.37442103e-05
4.67751780e-05 3.45335167e-05
3.00452715e-05 2.22904582e-05
2.56560219e-05 2.11468035e-05
2.18475776e-05 1.82192104e-05
2.14546988e-05 1.80712813e-05
2.84026320e-05 2.22729243e-05
3.28583460e-05 2.55423388e-05
3.49778461e-05 2.69070983e-05
3.43537164e-05 2.61886586e-05
3.10826405e-05 2.36198001e-05
2.57296859e-05 1.97764269e-05
2.44407088e-05 2.06454232e-05
2.22744799e-05 1.80211185e-05
2.80738638e-05 2.36442146e-05
5.65892367e-05 4.76629028e-05
5.98371862e-05 4.88892767e-05
5.85953051e-05 4.61797973e-05
5.32512289e-05 4.03737255e-05
4.49234268e-05 3.28138039e-05
2.53081284e-05 1.95401263e-05
3.18384791e-05 2.46737556e-05
3.95880158e-05 3.15947306e-05
4.56461123e-05 3.70576806e-05
4.88889968e-05 4.00701074e-05
4.86395587e-05 4.01295330e-05
4.48671786e-05 3.73354152e-05
3.82183669e-05 3.23374131e-05
2.58946885e-05 1.96915140e-05
2.79639472e-05 2.35939233e-05
5.05001950e-05 3.86466586e-05
1.22779163e-04 9.65099319e-05
2.32836146e-04 1.84096696e-04
3.75476444e-04 2.97064241e-04
5.35854413e-04 4.23502149e-04
6.91479833e-04 5.45579464e-04
8.16864024e-04 6.43258137e-04
8.89601476e-04 6.99095555e-04
8.96095110e-04 7.02714091e-04
8.35145059e-04 6.53543926e-04
7.18257514e-04 5.60963727e-04
5.66576174e-04 4.41795709e-04
4.05419711e-04 3.15958948e-04
2.58136188e-04 2.01643066e-04
1.41108453e-04 1.11441538e-04
6.12431417e-05 5.04726279e-05
3.21953225e-05 2.65818389e-05
4.99255509e-05 3.84946947e-05
7.94818145e-05 6.40284762e-05
1.12937144e-04 9.36742379e-05
1.45929568e-04 1.23428194e-04
2.89888494e-05 2.29716799e-05
3.93942992e-05 3.36159012e-05
3.78433183e-05 2.77921618e-05
4.95505523e-05 3.70745007e-05
5.92980823e-05 4.49171325e-05
6.54816524e-05 4.98657024e-05
6.70472456e-05 5.09538036e-05
6.37584616e-05 4.79619704e-05
5.62554778e-05 4.14736556e-05
6.77794233e-05 5.02017094e-05
8.94801833e-05 6.84130926e-05
1.08853499e-04 8.49280017e-05
1.22599436e-04 9.69380923e-05
1.28136822e-04 1.02247824e-04
1.24275740e-04 9.98316750e-05
1.11550419e-04 9.00984845e-05
9.21055758e-05 7.47830131e-05
6.91740639e-05 5.65012068e-05
4.63219538e-05 3.81077548e-05
2.67474575e-05 2.20472581e-05
2.29370931e-05 1.80569464e-05
2.42935788e-05 1.87403780e-05
2.41142677e-05 1.80636593e-05
2.76787304e-05 2.19412440e-05
3.45114790e-05 2.55686777e-05
4.93097971e-05 3.65138465e-05
7.65253224e-05 6.25146256e-05
1.06023913e-04 9.04916720e-05
3.83476649e-05 2.98990055e-05
6.50741076e-05 5.14989082e-05
9.63373051e-05 7.78370434e-05
1.28084764e-04 1.05457450e-04
1.55385177e-04 1.29997719e-04
1.73528515e-04 1.47157544e-04
1.22802231e-04 9.31861057e-05
1.90799158e-04 1.53188980e-04
2.66110127e-04 2.19495783e-04
3.38094952e-04 2.82601991e-04
3.94934057e-04 3.32093012e-04
4.26446462e-04 3.59129483e-04
4.26679523e-04 3.58695358e-04
3.95469406e-04 3.30911654e-04
3.38480832e-04 2.80999286e-04
2.65717395e-04 2.17902693e-04
1.88979383e-04 1.52010069e-04
1.19064583e-04 9.26755547e-05
6.35636805e-05 4.62738169e-05
3.84602504e-05 3.20417521e-05
3.66489312e-05 2.96539795e-05
3.25981642e-05 2.57335272e-05
2.69774188e-05 2.08923392e-05
3.68712415e-05 2.76593554e-05
4.40108485e-05 3.57286342e-05
5.02716554e-05 4.20892339e-05
5.41723152e-05 4.55859368e-05
5.46731983e-05 4.55700985e-05
5.14162335e-05 4.20678864e-05
4.47979932e-05 3.57729258e-05
3.58538407e-05 2.78686924e-05
2.59944336e-05 1.97432142e-05
2.75641171e-05 2.30357980e-05
2.40706188e-05 1.91341731e-05
4.28336998e-05 3.57855932e-05
6.94509206e-05 5.91122522e-05
9.34161661e-05 7.87705401e-05
1.14874750e-04 9.61982920e-05
1.30416175e-04 1.08731153e-04
1.37382973e-04 1.14232055e-04
1.34515365e-04 1.11551079e-04
1.22303077e-04 1.00847768e-04
1.02924489e-04 8.36700413e-05
7.97705587e-05 6.27263086e-05
5.66821855e-05 4.13731605e-05
2.21895315e-05 1.80872923e-05
2.16655582e-05 1.82630873e-05
2.61874231e-05 1.96384146e-05
3.99283656e-05 3.21584037e-05
4.23300581e-05 3.52635283e-05
2.52819858e-05 1.84039955e-05
5.52059570e-05 4.23466002e-05
4.92922845e-05 3.72096464e-05
8.30066540e-05 6.98493953e-05
3.74823873e-05 3.11339368e-05
7.16121180e-05 5.81633739e-05
1.42863213e-04 1.17639095e-04
6.71711333e-04 5.47367853e-04
2.07739069e-03 1.69730570e-03
4.39241780e-03 3.59101594e-03
7.58533194e-03 6.20230796e-03
1.13885855e-02 9.31185763e-03
1.53177131e-02 1.25230911e-02
1.87610131e-02 1.53356966e-02
2.11193192e-02 1.72600123e-02
2.19561728e-02 1.79397960e-02
2.11123835e-02 1.72457518e-02
1.87486324e-02 1.53101347e-02
1.53024078e-02 1.24912974e-02
1.13731499e-02 9.27960197e-03
7.57205036e-03 6.17455478e-03
4.38251627e-03 3.57079584e-03
2.07087981e-03 1.68527746e-03
6.67603080e-04 5.42122365e-04
1.45624258e-04 1.17307623e-04
7.51720734e-05 5.86308438e-05
5.29933948e-05 4.16463362e-05
5.72269720e-05 4.58852822e-05
4.53257446e-05 3.41766987e-05
3.08829086e-05 2.61433192e-05
3.22799404e-05 2.48431177e-05
5.41588481e-05 3.92585173e-05
1.13164530e-04 8.20379052e-05
1.46219240e-04 1.06882679e-04
1.76863946e-04 1.29890788e-04
2.00888462e-04 1.47522418e-04
2.14684562e-04 1.56855683e-04
3.05889835e-05 2.25348630e-05
2.66122068e-05 2.06559209e-05
2.90393543e-05 2.30667657e-05
3.75697445e-05 3.14450709e-05
3.10203327e-05 2.37418225e-05
4.18703549e-05 3.39588442e-05
5.27078996e-05 4.46289381e-05
2.74595144e-05 2.03757255e-05
2.49695333e-05 1.85580833e-05
2.71590567e-05 2.00705033e-05
2.71539893e-05 1.97227723e-05
2.59388474e-05 1.96778620e-05
2.97004653e-05 2.37592248e-05
3.17968402e-05 2.61960375e-05
3.17396642e-05 2.64930932e-05
2.94941104e-05 2.45240764e-05
2.54597205e-05 2.05505150e-05
2.24599778e-05 1.85621915e-05
4.18565688e-05 3.52158042e-05
3.83023635e-05 3.01959141e-05
2.20131557e-05 1.80650612e-05
2.15820174e-05 1.84066535e-05
3.30451221e-05 2.77325471e-05
2.47612125e-05 2.04097675e-05
3.06779182e-05 2.57893781e-05
2.63103602e-05 1.91602605e-05
3.65260703e-05 2.73048149e-05
4.62181457e-05 3.54822368e-05
5.36335627e-05 4.23380038e-05
5.74056344e-05 4.66610958e-05
5.68510038e-05 4.76873777e-05
9.52153452e-05 7.85221264e-05
2.58280276e-05 1.95535333e-05
2.50794056e-05 2.03465119e-05
2.70137881e-05 2.11707111e-05
2.59797922e-05 2.09154124e-05
2.59229754e-05 1.99607934e-05
2.43400046e-05 1.80091595e-05
2.47245630e-05 2.02619532e-05
2.72295792e-05 2.07337018e-05
2.79889741e-05 2.04391561e-05
2.66432722e-05 1.95194211e-05
2.33466568e-05 1.82684480e-05
4.64562642e-05 3.88360585e-05
5.36048656e-05 4.34603752e-05
5.73194906e-05 4.56460110e-05
5.68684108e-05 4.50934087e-05
5.22457447e-05 4.20196607e-05
4.41643190e-05 3.71172108e-05
3.69770585e-05 3.08276724e-05
3.26004747e-05 2.50643275e-05
2.68236019e-05 2.13272278e-05
3.23063780e-05 2.51313100e-05
8.66348240e-05 7.33825481e-05
7.37436929e-05 5.73853216e-05
5.46877544e-05 4.05451764e-05
6.22434224e-05 4.92080829e-05
6.57241074e-05 5.48222764e-05
6.00026046e-05 4.50744908e-05
8.70343424e-05 6.82498931e-05
1.14570807e-04 9.16878352e-05
1.38265602e-04 1.11730081e-04
1.54128904e-04 1.24951152e-04
1.59624877e-04 1.29105399e-04
1.54425188e-04 1.23803983e-04
1.40585464e-04 1.10729198e-04
1.22138090e-04 9.34229899e-05
1.04287169e-04 7.69160511e-05
9.22114301e-05 6.70448592e-05
8.89456418e-05 6.74973361e-05
9.32711948e-05 7.59220785e-05
1.11773693e-04 9.41489539e-05
8.85862128e-05 7.08482599e-05
6.46801366e-05 4.76857038e-05
4.32671852e-05 3.64874510e-05
6.17693537e-04 4.73464046e-04
2.65569369e-05 2.01192207e-05
4.16991007e-05 3.03583090e-05
3.13405405e-05 2.31031715e-05
5.65323499e-05 4.78718645e-05
2.52603923e-05 2.06455877e-05
2.01167303e-04 1.70205986e-04
1.32632908e-04 1.05323146e-04
2.74415099e-05 2.04877311e-05
3.33098149e-05 2.61547114e-05
3.79761226e-05 3.11711779e-05
4.12749969e-05 3.46798747e-05
4.33118526e-05 3.61790472e-05
4.42125571e-05 3.55182934e-05
4.39116248e-05 3.28387736e-05
8.25385580e-05 6.47196337e-05
1.04748256e-04 8.68663733e-05
1.26262132e-04 1.07430101e-04
1.53815814e-04 1.30859908e-04
1.43915525e-04 1.21299471e-04
1.25192237e-04 1.04516209e-04
1.00478963e-04 8.33447368e-05
7.33933823e-05 6.10833390e-05
2.21224904e-05 1.80587274e-05
2.60493941e-05 2.19549682e-05
4.84345728e-05 3.80807074e-05
5.53456726e-05 4.70021600e-05
4.72975938e-05 3.64891640e-05
6.12829099e-05 4.99243922e-05
7.54556255e-05 6.34288544e-05
1.39108385e-04 1.18666350e-04
2.48460334e-05 2.08927334e-05
2.71617483e-05 2.10545980e-05
2.82175064e-05 2.21092594e-05
3.67543448e-05 2.68227328e-05
9.80024790e-05 7.86809252e-05
9.43926227e-05 7.48467102e-05
4.89645814e-05 3.84203083e-05
4.99899244e-05 3.92503824e-05
3.29166060e-05 2.45357666e-05
2.48407824e-05 1.87922242e-05
2.86895593e-04 2.45048991e-04
2.19815790e-05 1.85419154e-05
2.78438400e-05 2.36032141e-05
2.79023276e-05 2.29327427e-05
2.58279297e-05 2.03937242e-05
2.49961489e-05 1.90112882e-05
2.78229165e-05 2.24304379e-05
2.88451182e-05 2.39855783e-05
2.79347592e-05 2.36525715e-05
4.78518662e-05 3.55002916e-05
5.92190774e-05 4.48491293e-05
6.74834164e-05 5.16666470e-05
7.10418939e-05 5.47564728e-05
6.92075041e-05 5.35846353e-05
6.23990634e-05 4.84446785e-05
5.19985703e-05 4.03712959e-05
3.99343005e-05 3.08374428e-05
2.81440948e-05 2.13536501e-05
3.29353507e-05 2.67240029e-05
2.70297870e-05 1.97245997e-05
5.24794172e-05 4.31782115e-05
5.16763172e-05 4.03345056e-05
4.66612494e-05 3.45844594e-05
4.37748307e-05 3.71843590e-05
3.65677454e-05 3.00522797e-05
4.29285387e-05 3.52408073e-05
5.00117502e-05 3.93537380e-05
2.64891185e-05 2.22713788e-05
2.82241730e-05 2.40687324e-05
2.25106752e-05 1.90200855e-05
2.74202932e-05 2.06810879e-05
2.71782398e-05 2.26925854e-05
3.50997795e-05 2.70895325e-05
3.99968130e-05 3.32296327e-05
2.44021153e-05 1.80811595e-05
3.06837116e-05 2.37197208e-05
3.57217297e-05 2.78552815e-05
3.85417139e-05 2.99034855e-05
3.85769608e-05 2.96176440e-05
3.58298829e-05 2.71484312e-05
3.08715381e-05 2.30075818e-05
4.43350433e-05 3.69115028e-05
2.46385054e-05 1.90120725e-05
3.23818826e-05 2.58168955e-05
3.90525338e-05 3.16982963e-05
4.35270566e-05 3.56624520e-05
4.49833380e-05 3.70669710e-05
4.31196826e-05 3.57724775e-05
3.82462130e-05 3.21646036e-05
1.07226284e-04 9.03033815e-05
4.73200130e-05 3.88369995e-05
2.67964841e-05 2.15344783e-05
3.47445909e-05 2.93690042e-05
3.83664476e-05 2.78681878e-05
3.58730604e-05 2.60720481e-05
3.99637615e-05 3.14708028e-05
3.48619670e-05 2.84803343e-05
2.87981541e-05 2.32186467e-05
2.32182868e-05 1.89392115e-05
5.11270668e-05 3.82278141e-05
6.25625602e-05 4.87077009e-05
7.08064869e-05 5.70651545e-05
7.44194198e-05 6.18629050e-05
2.93881003e-05 2.21103870e-05
3.64910394e-05 2.95664652e-05
4.15430485e-05 3.52510720e-05
3.66589969e-05 2.66958643e-05
9.58114043e-05 6.98078381e-05
1.76780378e-04 1.33196624e-04
2.80395903e-04 2.12827698e-04
3.95750454e-04 3.00151518e-04
5.06946902e-04 3.82955689e-04
5.96263768e-04 4.47896479e-04
6.48280807e-04 4.83659723e-04
6.53726498e-04 4.83821147e-04
6.11854159e-04 4.48522552e-04
5.30596171e-04 3.84432786e-04
4.48310847e-05 3.48026457e-05
5.40474121e-05 4.47698410e-05
2.90187128e-05 2.37355221e-05
3.63111428e-05 2.90643429e-05
4.16829438e-05 3.38341116e-05
4.41394127e-05 3.72028792e-05
3.49701643e-05 2.94167093e-05
3.12770945e-05 2.51430532e-05
2.67622775e-05 2.01614812e-05
4.05663414e-05 2.97049386e-05
5.77043774e-05 4.27417212e-05
7.45896105e-05 5.45673916e-05
8.87617418e-05 6.44473313e-05
9.79746904e-05 7.11693688e-05
1.00750625e-04 7.35190541e-05
9.67693655e-05 7.08002922e-05
8.69600245e-05 6.31829388e-05
2.55395279e-05 1.85854096e-05
2.34749046e-05 1.89197795e-05
2.80663624e-05 2.14980916e-05
3.28716590e-05 2.53456731e-05
3.53450199e-05 2.69958388e-05
3.51413190e-05 2.61919028e-05
2.92111278e-05 2.41177033e-05
9.17366422e-05 7.79432447e-05
3.28642875e-05 2.63334209e-05
3.88880452e-05 2.83189122e-05
5.81544682e-05 4.43618685e-05
8.15640138e-05 6.51552053e-05
1.05991282e-04 8.70644647e-05
1.27750505e-04 1.06752245e-04
1.42810524e-04 1.20788690e-04
5.65764394e-05 4.80650141e-05
4.87716135e-05 4.06406900e-05
3.91582616e-05 3.16057402e-05
2.92608648e-05 2.24569032e-05
2.52828256e-05 1.99609070e-05
3.68597499e-05 2.80828743e-05
4.84418435e-05 3.67483563e-05
5.87165326e-05 4.46065166e-05
6.66377751e-05 5.05753415e-05
7.16758651e-05 5.40963854e-05
7.39297488e-05 5.52531368e-05
7.40587682e-05 5.47032621e-05
7.30437669e-05 5.34213930e-05
7.18516175e-05 5.23201165e-05
7.11259093e-05 5.19108904e-05
7.10154307e-05 5.21869925e-05
7.11736214e-05 5.27431909e-05
7.08933133e-05 5.29676328e-05
6.93340823e-05 5.21941651e-05
6.57969923e-05 4.98388865e-05
5.99688020e-05 4.55510629e-05
5.20446890e-05 3.93407818e-05
4.26784172e-05 3.16202176e-05
2.34326502e-05 1.83419337e-05
3.14366191e-05 2.29758011e-05
2.83541894e-05 2.37172005e-05
3.05337362e-05 2.37890447e-05
2.98891648e-05 2.18777980e-05
3.86106356e-05 2.99875121e-05
5.23132013e-05 4.23580689e-05
6.53049035e-05 5.40201224e-05
7.52618411e-05 6.30460329e-05
8.02204427e-05 6.77843057e-05
7.90882129e-05 6.72777515e-05
3.06741903e-05 2.57950448e-05
2.74461736e-05 2.25906073e-05
2.22506045e-05 1.84529535e-05
4.82440372e-05 3.58793909e-05
1.07315497e-04 8.52591195e-05
1.93531828e-04 1.56772692e-04
3.01183630e-04 2.46047157e-04
4.18339313e-04 3.43262736e-04
5.28340147e-04 4.34601763e-04
6.13236768e-04 5.05156787e-04
6.58062123e-04 5.42499425e-04
6.54638549e-04 5.39846895e-04
6.03725802e-04 4.97839751e-04
5.14822681e-04 4.24365306e-04
4.03681103e-04 3.32483152e-04
2.88315867e-04 2.37110529e-04
1.84739531e-04 1.51494880e-04
1.03670475e-04 8.45271435e-05
4.90747408e-05 3.97151205e-05
2.86099175e-05 2.35265477e-05
2.40779268e-05 1.88011083e-05
2.64383884e-05 2.18076235e-05
2.67446494e-05 2.12031752e-05
4.70628762e-05 3.55451723e-05
5.29561299e-05 4.20223833e-05
5.57878901e-05 4.64151924e-05
2.44028250e-05 1.93051224e-05
5.53724533e-05 4.44289969e-05
3.64478719e-05 2.67345488e-05
9.94168683e-05 8.46583030e-05
1.33764719e-02 1.14151331e-02
1.56435884e-02 1.33195952e-02
1.68990186e-02 1.43599966e-02
1.69118516e-02 1.43453349e-02
1.56808175e-02 1.32794594e-02
1.34344019e-02 1.13598499e-02
1.05708432e-02 8.92583030e-03
7.55705004e-03 6.37262464e-03
4.81771374e-03 4.05779441e-03
2.64722435e-03 2.22749199e-03
1.16762472e-03 9.81832180e-04
3.41884966e-04 2.86527821e-04
8.66757564e-05 6.76035942e-05
9.26465257e-05 7.62333216e-05
3.98300526e-05 3.01561958e-05
5.42654064e-05 3.98453456e-05
2.38483567e-05 1.93605410e-05
2.95895582e-05 2.14956906e-05
2.65326724e-05 2.05965355e-05
2.21776160e-05 1.84081361e-05
2.38549907e-05 1.81683602e-05
4.23572680e-05 3.20815866e-05
4.61254797e-05 3.66872590e-05
3.47902759e-05 2.80527032e-05
3.26985071e-05 2.52954298e-05
2.40842791e-05 1.97863553e-05
3.49311408e-05 2.92623125e-05
3.16510719e-05 2.54497303e-05
2.68498864e-05 2.01519313e-05
2.90580681e-05 2.17370108e-05
3.48670083e-05 2.64136410e-05
3.84480401e-05 3.01338953e-05
3.89591319e-05 3.22305118e-05
2.21392690e-05 1.87894940e-05
2.67087913e-05 2.08771541e-05
3.14706746e-05 2.53073820e-05
3.46817659e-05 2.82727985e-05
3.57144052e-05 2.91328787e-05
3.43307736e-05 2.77067059e-05
3.07551988e-05 2.43022214e-05
2.56275889e-05 1.96419509e-05
4.37882589e-05 3.58888977e-05
3.49948933e-05 2.64517169e-05
4.24503098e-05 3.55524637e-05
4.01540447e-05 3.34172706e-05
3.22578467e-05 2.51155466e-05
1.74689265e-04 1.48911511e-04
1.84949478e-04 1.57675929e-04
2.39532962e-05 1.97613725e-05
1.33875405e-04 9.73390555e-05
1.72766040e-04 1.29500025e-04
2.05223954e-04 1.57207176e-04
2.25595166e-04 1.75837099e-04
2.30007270e-04 1.82212695e-04
2.17378191e-04 1.75393737e-04
1.89732185e-04 1.56892191e-04
2.97238714e-05 2.21727612e-05
2.43820848e-05 1.99419633e-05
1.01768652e-04 7.85746668e-05
2.75779158e-05 2.22545748e-05
2.33705622e-05 1.88924369e-05
2.16358887e-05 1.83057329e-05
2.53387875e-05 2.10009983e-05
5.05701218e-05 4.29954939e-05
5.94140200e-05 4.93062739e-05
6.51680522e-05 5.25520988e-05
6.69363927e-05 5.22514157e-05
6.44342923e-05 4.85413300e-05
5.80501975e-05 4.21310263e-05
2.56410574e-05 1.95922033e-05
1.11966015e-03 9.56482907e-04
3.23990491e-05 2.36889277e-05
2.42505988e-05 2.01705789e-05
9.79116752e-05 7.93987542e-05
9.56937924e-05 7.22508731e-05
3.23518884e-05 2.37799045e-05
3.19768346e-05 2.64830669e-05
8.39541747e-05 6.56482857e-05
1.13808271e-04 9.39478126e-05
1.42817926e-04 1.21670946e-04
2.91204794e-05 2.28965773e-05
2.67011774e-05 2.01959473e-05
2.60724652e-05 2.15458340e-05
4.00990547e-05 3.04937958e-05
4.03740696e-05 3.02438506e-05
4.48665082e-05 3.68314107e-05
5.05494461e-05 4.22395876e-05
4.31495116e-05 3.62359923e-05
2.52918052e-05 1.87940114e-05
5.77668792e-05 4.63092485e-05
6.98745736e-05 5.80702198e-05
4.12161647e-05 3.26461889e-05
1.06580232e-04 8.87200554e-05
1.59987681e-04 1.35389907e-04
2.21679942e-04 1.72355687e-04
1.20420885e-03 1.01129561e-03
3.75780060e-03 3.18151988e-03
8.08269603e-03 6.85213035e-03
1.41791481e-02 1.20231385e-02
2.16068750e-02 1.83200384e-02
2.94900860e-02 2.49992812e-02
3.66639513e-02 3.10730611e-02
4.19284982e-02 3.55248709e-02
4.43400974e-02 3.75565629e-02
4.34532446e-02 3.67929173e-02
3.94372767e-02 3.33799471e-02
3.30310528e-02 2.79458050e-02
2.53501867e-02 2.14368752e-02
1.76077236e-02 1.48808289e-02
1.08338691e-02 9.14925765e-03
5.67560016e-03 4.78831646e-03
2.32704281e-03 1.96032111e-03
6.14067623e-04 5.15870484e-04
2.74129669e-04 2.30047923e-04
2.05945766e-04 1.71145655e-04
1.34999356e-04 1.12930162e-04
1.32578815e-04 1.09685545e-04
4.53937151e-05 3.64940593e-05
7.64496250e-05 5.94000776e-05
8.28652204e-05 6.63725098e-05
4.31727567e-05 3.55509687e-05
6.35990752e-05 5.18342323e-05
7.27385551e-05 5.53049026e-05
4.95815091e-05 3.95576343e-05
5.09267344e-05 4.24915798e-05
4.24692605e-05 3.39801791e-05
4.93132098e-05 3.95450718e-05
3.25755223e-05 2.55523428e-05
2.54450058e-05 2.04962468e-05
3.44910155e-05 2.70249669e-05
4.14728710e-05 3.08927519e-05
3.51424440e-05 2.64621308e-05
2.57215922e-05 1.94373471e-05
2.59759343e-05 2.04441150e-05
2.98344632e-05 2.36862620e-05
3.24916064e-05 2.60282998e-05
3.36047072e-05 2.68911256e-05
3.30518845e-05 2.60070386e-05
3.08619160e-05 2.35311812e-05
2.71869073e-05 1.99563494e-05
2.85710128e-05 2.37741015e-05
2.76103151e-05 2.29189679e-05
1.96347898e-04 1.67308184e-04
2.23682713e-04 1.88705936e-04
2.35324269e-04 1.96957878e-04
2.29029814e-04 1.90583228e-04
2.05963918e-04 1.70863603e-04
1.70390952e-04 1.41497856e-04
1.28550223e-04 1.07627819e-04
4.12232176e-05 3.18361627e-05
4.57360155e-05 3.85032496e-05
3.71090157e-05 2.97498562e-05
2.76996687e-05 2.07704373e-05
2.15561790e-05 1.82023614e-05
4.12677338e-05 3.07099785e-05
4.99227407e-05 3.88751107e-05
5.62266627e-05 4.52225872e-05
5.90914874e-05 4.85930575e-05
5.79580357e-05 4.82996198e-05
5.29552286e-05 4.42897316e-05
4.48953583e-05 3.71620698e-05
3.50931409e-05 2.80359852e-05
2.50508529e-05 1.83373610e-05
1.63484415e-04 1.21031780e-04
5.97781487e-05 4.73057539e-05
2.51465141e-05 2.09910717e-05
3.76872163e-05 3.15556915e-05
6.05485662e-05 4.56129123e-05
8.06672406e-05 6.26667154e-05
9.93225224e-05 7.81580092e-05
1.13389894e-04 8.97087018e-05
1.20147220e-04 9.54102181e-05
1.17987084e-04 9.42823922e-05
1.06925793e-04 8.65257147e-05
8.87076862e-05 7.34871364e-05
5.71962858e-05 4.59777312e-05
3.14002968e-05 2.58458031e-05
2.59349273e-05 2.10136806e-05
4.22133477e-05 3.18515111e-05
7.59850870e-05 5.82713612e-05
7.65795193e-05 6.13208923e-05
7.29510119e-05 5.95906535e-05
6.57508318e-05 5.34760524e-05
5.59123115e-05 4.41279405e-05
4.45978077e-05 3.31636247e-05
2.61495861e-05 1.94724717e-05
3.15935015e-05 2.47447913e-05
3.60764815e-05 2.94157472e-05
3.87308841e-05 3.27798611e-05
2.84464809e-05 2.27036445e-05
4.41289156e-05 3.64063074e-05
3.27032191e-05 2.71534743e-05
4.03967295e-05 3.24268459e-05
3.11619277e-05 2.64107933e-05
7.25936502e-05 5.92257447e-05
9.54580658e-05 6.99571245e-05
1.00997765e-04 7.49813702e-05
9.89545299e-05 7.39229773e-05
8.97984499e-05 6.70340539e-05
7.51965585e-05 5.56280357e-05
2.68296292e-05 1.97130425e-05
2.85453582e-05 2.18553931e-05
2.79356282e-05 2.19682806e-05
2.48976117e-05 2.01283197e-05
2.39406353e-05 1.96715371e-05
2.80297801e-05 2.39159728e-05
2.55415686e-05 2.10878350e-05
2.33135109e-05 1.89735313e-05
6.10929063e-05 5.14730794e-05
1.08460051e-04 9.05747017e-05
7.29922448e-05 5.62786009e-05
2.22030276e-05 1.84879456e-05
2.44240215e-05 1.93996994e-05
2.77398890e-05 2.14939663e-05
2.89528594e-05 2.26667128e-05
2.75956634e-05 2.27982239e-05
2.32565543e-05 1.93761491e-05
2.42242802e-05 1.90709777e-05
2.21388714e-05 1.87528174e-05
3.85419886e-05 2.99998084e-05
2.92010934e-05 2.34813821e-05
2.47874748e-05 1.96760551e-05
3.14282567e-05 2.35631694e-05
3.18893575e-05 2.54998856e-05
3.01246792e-05 2.55517569e-05
3.33108630e-05 2.61436412e-05
2.32388501e-05 1.93145915e-05
2.88225122e-05 2.41096377e-05
3.32671142e-05 2.80913359e-05
2.62734698e-05 2.02213688e-05
7.26692396e-05 6.18085756e-05
5.35698760e-05 4.50533551e-05
3.55561324e-05 2.98974911e-05
6.19219375e-05 4.97883048e-05
1.00944336e-04 8.41307728e-05
3.96643706e-05 3.13073724e-05
7.40663346e-05 5.45625950e-05
8.79492801e-05 6.45763430e-05
2.24370818e-05 1.86676097e-05
2.46206816e-05 1.94601841e-05
2.58862521e-05 1.94798170e-05
2.57773858e-05 1.87784414e-05
4.04844385e-05 3.42836029e-05
2.66307959e-05 2.20371326e-05
2.34691371e-05 1.84056255e-05
4.63449269e-05 3.78711402e-05
7.46720164e-05 5.83180904e-05
9.92403657e-05 8.20147701e-05
1.08271370e-04 8.70682113e-05
1.09309249e-04 8.57296782e-05
1.02390222e-04 7.82636184e-05
8.89731549e-05 6.60043713e-05
2.91609029e-05 2.37885897e-05
4.68220746e-05 3.46688978e-05
4.00830373e-05 3.03845533e-05
3.15983119e-05 2.46677428e-05
2.26608735e-05 1.86017071e-05
3.34197725e-05 2.70446564e-05
3.26219572e-05 2.42896221e-05
2.70022486e-05 1.97448959e-05
3.88381263e-05 2.91123602e-05
5.42555928e-05 4.04129515e-05
6.90573596e-05 5.08036276e-05
8.02922485e-05 5.81864986e-05
1.03480367e-04 8.63502829e-05
1.44286297e-04 1.18928533e-04
9.01574538e-05 7.66448476e-05
2.91350156e-05 2.23266376e-05
2.86714843e-05 2.09870409e-05
2.65161579e-05 1.92585896e-05
3.99034832e-05 2.93951251e-05
6.25480497e-05 5.02021041e-05
8.78720891e-05 7.32556667e-05
1.11982576e-04 9.50536259e-05
3.49731215e-05 2.93373872e-05
3.12553400e-05 2.54212409e-05
2.67902313e-05 2.11817226e-05
3.79064940e-05 3.22457887e-05
3.22069964e-05 2.64326627e-05
2.68527708e-05 2.05114714e-05
2.30600899e-05 1.89427264e-05
3.01597156e-05 2.40657545e-05
3.65451492e-05 2.87285474e-05
4.09542286e-05 3.17178124e-05
4.25140085e-05 3.21622008e-05
4.09299316e-05 2.97495567e-05
4.63951371e-05 3.86644941e-05
2.59547291e-05 2.08142571e-05
2.90675526e-05 2.41070585e-05
3.07464869e-05 2.55037189e-05
3.07645987e-05 2.46874383e-05
2.91983056e-05 2.17953441e-05
2.76156385e-05 2.27993707e-05
3.40041933e-05 2.57093798e-05
3.12479063e-05 2.34376578e-05
2.37937941e-05 1.92739699e-05
2.18985460e-05 1.81536067e-05
3.07278210e-05 2.48305819e-05
3.85508037e-05 3.06476791e-05
4.40161134e-05 3.46373016e-05
4.60918601e-05 3.60807667e-05
4.43726176e-05 3.47120930e-05
3.92211080e-05 3.07983010e-05
3.17015310e-05 2.50582498e-05
2.33619405e-05 1.84501344e-05
5.13745941e-05 3.91030220e-05
6.00466877e-05 4.81653837e-05
6.77170055e-05 5.63738869e-05
2.67882119e-05 2.25686032e-05
2.92093328e-05 2.15057854e-05
3.30557280e-05 2.75343514e-05
2.96155112e-05 2.41301733e-05
2.43956266e-05 2.07385512e-05
2.23293069e-05 1.90675392e-05
2.62655945e-05 1.98192248e-05
2.97512926e-05 2.41208038e-05
3.83553823e-05 3.19196873e-05
3.82830869e-05 2.79909177e-05
2.42020744e-05 2.00377980e-05
2.62818063e-05 2.10055332e-05
5.91165151e-05 4.93687035e-05
3.40627345e-05 2.60500126e-05
3.23479188e-05 2.39066929e-05
2.62607114e-05 2.22152951e-05
2.48888718e-05 1.92132945e-05
3.56689083e-05 2.73828665e-05
3.37112789e-05 2.61425292e-05
1.65025516e-04 1.36089593e-04
2.08013741e-04 1.68831797e-04
2.30988458e-04 1.87077295e-04
2.24645552e-04 1.81401290e-04
1.94373441e-04 1.56088729e-04
1.56281758e-04 1.25266590e-04
1.25564313e-04 1.01065462e-04
1.08764387e-04 8.73676480e-05
1.06566654e-04 8.61273289e-05
1.08583850e-04 8.98977499e-05
9.43449415e-05 7.93401096e-05
5.34921716e-05 4.55920018e-05
5.31187766e-05 4.44492542e-05
3.90168511e-05 3.13007878e-05
1.09205393e-04 8.84779494e-05
5.84787680e-05 4.35373154e-05
5.45888151e-05 4.02588731e-05
5.84492154e-05 4.24043025e-05
4.31106669e-05 3.23486436e-05
2.39947520e-05 1.91380725e-05
3.60108681e-05 2.67775195e-05
2.99222269e-05 2.44843484e-05
2.40290710e-05 1.87713114e-05
2.33423398e-05 1.98465481e-05
2.80825530e-05 2.24038371e-05
2.82770578e-05 2.22425616e-05
2.61716694e-05 2.06511859e-05
3.21980911e-05 2.38365396e-05
2.63125385e-05 2.15541972e-05
2.52181636e-05 2.13419388e-05
2.94622527e-05 2.49276766e-05
3.82357779e-05 2.77641473e-05
4.64137436e-05 3.55110528e-05
5.33810760e-05 4.29446566e-05
5.84037920e-05 4.89724443e-05
6.80708620e-05 5.56649554e-05
5.28131863e-05 4.01242604e-05
8.17403597e-05 6.44429269e-05
1.15243460e-04 9.26835732e-05
1.48647442e-04 1.20919066e-04
1.76505560e-04 1.44566259e-04
1.93901099e-04 1.59462512e-04
1.97701448e-04 1.62926720e-04
1.87378414e-04 1.54475414e-04
1.65146101e-04 1.35970294e-04
1.35386629e-04 1.11154107e-04
1.03566652e-04 8.47528149e-05
7.50435913e-05 6.15855175e-05
5.42625379e-05 4.63258299e-05
2.48948886e-05 1.80404835e-05
3.18225756e-05 2.31173845e-05
2.87322069e-05 2.14918379e-05
2.48279899e-05 1.91380429e-05
3.57968967e-05 2.82738071e-05
3.83517099e-05 3.13878455e-05
4.13253881e-05 3.33981302e-05
4.30317130e-05 3.37175900e-05
4.23923486e-05 3.20589898e-05
3.91278720e-05 2.85045649e-05
3.24556129e-05 2.71076844e-05
2.85882075e-05 2.14161798e-05
5.60790475e-05 4.57220505e-05
5.53524347e-05 4.23111457e-05
2.64500214e-05 2.05314533e-05
2.42656360e-05 1.82819639e-05
3.54510806e-05 2.95811589e-05
2.19955407e-05 1.85072915e-05
7.14293253e-05 5.33761978e-05
8.09017706e-05 6.34552175e-05
8.64703484e-05 7.02448528e-05
8.68723880e-05 7.23664644e-05
8.16931041e-05 6.92517448e-05
2.88587103e-05 2.45885197e-05
3.15429477e-05 2.51809825e-05
4.28704347e-05 3.18373954e-05
3.74511074e-05 3.07137913e-05
2.29196328e-04 1.76372949e-04
3.08679683e-04 2.50483561e-04
3.90925736e-04 3.30440646e-04
3.83660079e-05 2.86671546e-05
3.84428286e-05 2.94595504e-05
3.59601126e-05 2.77685237e-05
3.12392249e-05 2.40072530e-05
2.49275032e-05 1.88754079e-05
1.04963162e-04 7.61820961e-05
1.24148771e-04 9.32559775e-05
1.36158793e-04 1.05122447e-04
1.38799853e-04 1.09779766e-04
1.31522205e-04 1.06568066e-04
1.15568716e-04 9.63261899e-05
3.25391705e-05 2.57883721e-05
6.51242302e-05 5.32794236e-05
8.83547414e-05 7.11302339e-05
2.36276133e-04 1.88287462e-04
4.65209269e-04 3.72397500e-04
7.68413593e-04 6.17730154e-04
1.11852317e-03 9.01853321e-04
1.47034903e-03 1.18779007e-03
1.76951945e-03 1.43107061e-03
1.96490785e-03 1.58989424e-03
2.02131368e-03 1.63549250e-03
1.92854176e-03 1.55954004e-03
1.70404165e-03 1.37629582e-03
1.38828709e-03 1.11880942e-03
1.03438190e-03 8.30413171e-04
6.95151170e-04 5.54166693e-04
4.11609098e-04 3.23429934e-04
2.06054978e-04 1.56198519e-04
6.49966354e-05 5.28205075e-05
6.73672314e-05 5.17045190e-05
6.43782340e-05 4.67151348e-05
3.09391645e-05 2.31739202e-05
1.09620002e-04 9.27433490e-05
6.77745733e-05 5.60091156e-05
3.53354535e-05 2.80116985e-05
4.96017309e-05 4.11624982e-05
5.26080174e-05 4.08764273e-05
5.14441356e-05 3.72834240e-05
3.39617786e-05 2.61034957e-05
4.76683721e-05 4.01131717e-05
3.65920262e-05 2.85429457e-05
4.87390056e-05 3.54617471e-05
2.94698971e-05 2.34333840e-05
6.32377410e-04 5.39385577e-04
4.62914154e-04 3.92035393e-04
3.04266097e-04 2.55095661e-04
1.74497741e-04 1.44305680e-04
8.25290341e-05 6.74774488e-05
3.01945963e-05 2.51194835e-05
3.48779651e-05 2.84472548e-05
3.67426570e-05 3.01430537e-05
3.54334015e-05 2.96516961e-05
1.11039179e-03 8.05174000e-04
1.17606292e-03 8.55489042e-04
1.15516094e-03 8.43001712e-04
1.05154341e-03 7.70013793e-04
8.84111064e-04 6.49874843e-04
6.81880052e-04 5.03485012e-04
4.76732042e-04 3.54028330e-04
2.96076956e-04 2.21559379e-04
1.57582694e-04 1.19011344e-04
6.74930649e-05 5.06160838e-05
1.18984952e-04 8.66170745e-05
1.17850821e-04 9.53849924e-05
1.21981234e-04 9.78546625e-05
1.19228142e-04 9.35096862e-05
1.07474324e-04 8.30063315e-05
8.94360727e-05 6.80132580e-05
6.91023378e-05 5.08201061e-05
1.26197486e-04 9.27495801e-05
1.59082938e-04 1.19279792e-04
1.85759989e-04 1.40049717e-04
2.01292700e-04 1.51575657e-04
2.02613077e-04 1.51902040e-04
1.89517476e-04 1.41093303e-04
1.64992270e-04 1.21211334e-04
2.57066418e-05 1.96270855e-05
2.78227512e-05 2.08918732e-05
2.79611987e-05 2.04048529e-05
2.41885764e-05 2.03706493e-05
2.87995368e-05 2.40441886e-05
3.24865286e-05 2.66512923e-05
3.43823529e-05 2.76167663e-05
3.38812177e-05 2.66504159e-05
3.08574492e-05 2.38092895e-05
2.57264557e-05 1.94772086e-05
6.54791375e-05 4.86324208e-05
5.51565792e-05 4.19959328e-05
4.24233718e-05 3.29799276e-05
2.93781549e-05 2.31235261e-05
6.14716680e-05 4.50764506e-05
5.47515680e-05 4.32730582e-05
6.31581847e-05 5.30596088e-05
6.09004068e-05 5.05443773e-05
5.43394485e-05 4.49847958e-05
4.46058359e-05 3.74764970e-05
7.63142926e-05 6.40242579e-05
9.15227449e-05 7.52934715e-05
1.00490543e-04 8.14174717e-05
1.01650756e-04 8.12689005e-05
9.48583975e-05 7.49006346e-05
8.14070977e-05 6.35247914e-05
6.36831901e-05 4.91947923e-05
4.45692473e-05 3.43022882e-05
2.67834334e-05 2.10865420e-05
2.96710832e-05 2.37179691e-05
5.02275729e-05 3.81291780e-05
7.20482768e-05 5.38927862e-05
9.27562858e-05 6.90476961e-05
1.09974407e-04 8.14105355e-05
1.21095231e-04 8.90182872e-05
1.24050321e-04 9.05999967e-05
1.18103446e-04 8.59031347e-05
1.04231647e-04 7.57647939e-05
8.49311802e-05 6.19046154e-05
6.35362449e-05 4.65069361e-05
4.33142166e-05 3.17249455e-05
2.39118426e-05 1.90140347e-05
6.08502701e-05 4.71260771e-05
6.34337032e-05 5.21870111e-05
6.19547917e-05 5.27616980e-05
4.87015386e-05 4.08847148e-05
3.93230953e-05 3.06847995e-05
6.41324543e-05 5.27136714e-05
3.22413965e-05 2.56272750e-05
2.47731409e-05 2.00391221e-05
2.85706765e-05 2.41711248e-05
7.01310684e-05 5.66195579e-05
7.51778783e-05 5.76148070e-05
7.88562707e-05 5.80370583e-05
2.90771634e-05 2.17563975e-05
2.30112544e-05 1.88844240e-05
2.45499460e-05 1.93563357e-05
4.15949792e-05 3.19057773e-05
4.48243710e-05 3.80750674e-05
3.88894568e-05 3.10621343e-05
3.34174897e-05 2.43491075e-05
2.49708532e-05 2.04556038e-05
2.27397352e-05 1.82214467e-05
2.87334030e-05 2.33378333e-05
3.57051122e-05 3.03288032e-05
4.18550421e-05 3.53672618e-05
3.92043774e-05 3.28937461e-05
3.50985793e-05 2.96017096e-05
2.72790312e-05 2.06167632e-05
2.60608016e-05 2.11102728e-05
3.19685898e-05 2.69904979e-05
3.20091014e-05 2.46891160e-05
2.57060677e-05 1.87537710e-05
3.31601841e-05 2.71081140e-05
2.36764076e-05 1.97288347e-05
3.33944871e-05 2.72766261e-05
2.19367184e-05 1.81626154e-05
2.47121072e-05 1.83016448e-05
2.55210655e-05 1.98075756e-05
2.48144730e-05 1.89968484e-05
2.38699110e-05 1.84801364e-05
5.08781708e-05 4.03662285e-05
4.75896304e-05 3.88317112e-05
2.49653689e-05 1.87983435e-05
2.15874983e-05 1.83956346e-05
1.08453967e-04 8.41993289e-05
2.89794703e-05 2.13469701e-05
3.71655734e-05 3.16540273e-05
5.33049862e-05 3.97514552e-05
2.72863878e-05 2.16750055e-05
2.95788002e-05 2.31321150e-05
3.22109871e-05 2.40473723e-05
3.20579951e-05 2.38135155e-05
2.96256982e-05 2.25285210e-05
2.58913972e-05 2.04652801e-05
2.19106597e-05 1.80057952e-05
3.16080796e-05 2.62015584e-05
4.57144289e-05 3.80926306e-05
2.50931794e-05 1.94113615e-05
7.65668540e-05 5.86427310e-05
5.29581282e-05 4.27737952e-05
2.86949442e-05 2.43059408e-05
7.24373183e-05 5.34741772e-05
2.60492519e-05 2.20079021e-05
2.37290848e-05 1.98923169e-05
5.68200812e-05 4.14239026e-05
2.52204374e-05 2.14975246e-05
1.03597616e-04 7.70152971e-05
1.57320182e-04 1.19717987e-04
2.35133998e-04 1.80297023e-04
3.44478625e-04 2.65145854e-04
4.89003350e-04 3.78083243e-04
6.64720898e-04 5.16716466e-04
8.57958073e-04 6.70442983e-04
1.04619959e-03 8.21098587e-04
1.20196509e-03 9.46270324e-04
1.29891207e-03 1.02448167e-03
1.31854914e-03 1.04080418e-03
1.25558195e-03 9.91198007e-04
1.12021256e-03 8.84213816e-04
9.36613981e-04 7.39517743e-04
7.37936128e-04 5.83663003e-04
5.58813710e-04 4.43971606e-04
4.25418424e-04 3.40547020e-04
3.43096814e-04 2.76668902e-04
2.93221613e-04 2.37120918e-04
2.52319652e-04 2.03505608e-04
2.09888327e-04 1.67642515e-04
1.67499338e-04 1.30807555e-04
1.31869461e-04 9.86430166e-05
3.06158243e-04 2.24641181e-04
3.94288600e-04 2.97453597e-04
5.16001647e-04 3.98338513e-04
6.62831500e-04 5.18983062e-04
8.13983700e-04 6.42388183e-04
9.43422294e-04 7.47983914e-04
1.02715477e-03 8.16742802e-04
1.04918101e-03 8.35642329e-04
1.00508459e-03 8.00619701e-04
9.02536477e-04 7.17273717e-04
7.58756841e-04 5.99162283e-04
5.95856118e-04 4.64271697e-04
4.35540197e-04 3.30769542e-04
6.74694635e-05 5.70246481e-05
6.67967760e-05 5.56367242e-05
5.98413199e-05 5.03465244e-05
2.78742442e-05 2.31070027e-05
3.12640352e-05 2.43868599e-05
3.24160017e-05 2.46965736e-05
3.11917969e-05 2.38113071e-05
2.79260136e-05 2.18032401e-05
2.33419920e-05 1.91490497e-05
2.17103539e-04 1.68190647e-04
2.19904871e-04 1.87689310e-04
7.37542138e-05 6.17366534e-05
4.63548892e-05 3.37002807e-05
2.89443862e-05 2.17479311e-05
2.41957444e-05 1.99246194e-05
6.46544819e-05 5.14608498e-05
2.56086111e-05 2.07915726e-05
3.15814169e-05 2.67797710e-05
3.61657143e-05 3.06791200e-05
3.87469697e-05 3.18017058e-05
3.90540005e-05 3.00673071e-05
4.03494248e-05 3.17004522e-05
5.26075470e-05 4.47054633e-05
5.80943032e-05 4.95271999e-05
2.44474088e-05 1.99218732e-05
2.53195850e-05 2.15241861e-05
3.24112943e-05 2.76863910e-05
2.39332515e-05 1.86783558e-05
3.00091041e-05 2.48627771e-05
3.62788186e-05 3.06468826e-05
4.17881150e-05 3.55653531e-05
3.11538273e-05 2.25797272e-05
3.43461244e-05 2.63308281e-05
3.73208760e-05 2.84257363e-05
3.90405184e-05 2.85959995e-05
7.35636248e-05 5.52177322e-05
3.19450967e-05 2.43787669e-05
5.88719925e-05 4.88026029e-05
1.59507994e-04 1.31270966e-04
5.93581127e-05 4.32133368e-05
3.03175702e-05 2.33692942e-05
2.72583115e-05 2.25774267e-05
4.63279398e-05 3.75063130e-05
2.45640268e-05 1.80175220e-05
2.87724786e-05 2.20172311e-05
4.33177705e-05 3.67577824e-05
4.85046138e-05 3.88792995e-05
8.19147148e-05 6.88206577e-05
1.99216037e-04 1.68032562e-04
1.75091843e-04 1.44759847e-04
1.42224876e-04 1.15260638e-04
1.05884682e-04 8.47692069e-05
7.11409554e-05 5.75885728e-05
2.54790418e-05 2.17075400e-05
1.35768346e-04 1.14178237e-04
1.20616618e-04 9.73823494e-05
9.93805845e-05 7.64510514e-05
7.55782333e-05 5.47813965e-05
7.34647175e-05 6.11361579e-05
8.32417675e-05 6.72270198e-05
8.75621797e-05 6.87418263e-05
8.57005676e-05 6.52721804e-05
7.79676129e-05 5.72047067e-05
2.71061999e-05 2.26568539e-05
3.00523336e-05 2.37021581e-05
2.95660530e-05 2.19827507e-05
2.61213923e-05 2.19214992e-05
3.76411440e-05 3.14160072e-05
4.90970016e-05 4.08367467e-05
5.86790117e-05 4.85326642e-05
6.48623980e-05 5.29982911e-05
6.66813628e-05 5.32451200e-05
6.38775083e-05 4.90708147e-05
2.40383575e-05 1.89374929e-05
2.74929362e-05 2.06431416e-05
2.82653527e-05 2.17311907e-05
3.76740730e-05 3.07043571e-05
4.01497564e-05 3.39472745e-05
3.10907543e-05 2.38124278e-05
1.96684961e-04 1.50779579e-04
3.08436360e-04 2.41405998e-04
4.31927979e-04 3.39497225e-04
5.48960879e-04 4.31313548e-04
6.39541998e-04 5.02135674e-04
6.86869205e-04 5.39772613e-04
6.81703094e-04 5.37645147e-04
6.24722416e-04 4.96488956e-04
5.26151607e-04 4.24141266e-04
4.02884456e-04 3.33483128e-04
2.17899880e-05 1.81991197e-05
2.63790827e-05 2.01980629e-05
1.19133782e-04 8.93987708e-05
1.77076745e-04 1.38572849e-04
2.39114496e-04 1.91422813e-04
2.97014180e-04 2.40384336e-04
3.41966734e-04 2.77467695e-04
3.66280627e-04 2.96167789e-04
3.65135634e-04 2.93130473e-04
3.37912312e-04 2.69047278e-04
2.88640054e-04 2.28478259e-04
2.25296418e-04 1.78645654e-04
1.58025269e-04 1.27576304e-04
9.67203208e-05 8.21744414e-05
2.90329412e-05 2.20198698e-05
2.18347227e-05 1.81795668e-05
2.15884611e-04 1.72373384e-04
2.39282498e-04 1.83977863e-04
2.32871907e-04 1.81572213e-04
1.99236422e-04 1.65689336e-04
9.69919886e-05 7.90562425e-05
1.51722277e-04 1.15436703e-04
1.84566743e-04 1.52588014e-04
1.31749146e-04 1.11171428e-04
9.47067173e-05 7.61001957e-05
6.01187921e-05 4.51638688e-05
2.44628597e-05 1.94882832e-05
5.09828827e-05 3.75894452e-05
4.69669778e-05 3.79222788e-05
4.58830124e-05 3.79380056e-05
5.69959345e-05 4.48418795e-05
6.73645465e-05 5.09104114e-05
7.57176506e-05 5.53850932e-05
1.00930158e-04 7.31536033e-05
1.13141749e-04 8.24575809e-05
1.25218456e-04 9.15630435e-05
1.32588510e-04 9.79479538e-05
1.31459776e-04 9.95774252e-05
1.20005304e-04 9.53163869e-05
3.58302312e-05 2.59629889e-05
3.11653061e-04 2.27445372e-04
3.75331994e-04 2.75894788e-04
4.15289162e-04 3.06533293e-04
4.25185809e-04 3.14289666e-04
4.03890810e-04 2.98264246e-04
3.55987337e-04 2.62092333e-04
2.90868604e-04 2.13145151e-04
2.20627442e-04 1.60787861e-04
1.57326313e-04 1.14210524e-04
1.10413557e-04 8.04315598e-05
8.48009662e-05 6.27707647e-05
7.96918873e-05 5.99910004e-05
8.94787380e-05 6.75466264e-05
1.06687415e-04 7.99082178e-05
1.23829179e-04 9.15819871e-05
1.34698721e-04 9.80858990e-05
8.69791784e-05 6.62151847e-05
1.25841565e-04 9.72078577e-05
1.83253531e-04 1.40718435e-04
2.50067161e-04 1.90566631e-04
3.13397526e-04 2.38025642e-04
3.59704167e-04 2.73674878e-04
3.78601489e-04 2.89900989e-04
3.66253796e-04 2.83341939e-04
3.27266318e-04 2.56529081e-04
2.74406895e-04 2.18114343e-04
2.26037407e-04 1.81360204e-04
2.01639325e-04 1.61018476e-04
2.16945631e-04 1.69714634e-04
2.80954146e-04 2.15319374e-04
3.93203968e-04 2.98176111e-04
5.41679756e-04 4.09228832e-04
7.04471710e-04 5.31487410e-04
8.54194481e-04 6.43719713e-04
9.63802981e-04 7.25180377e-04
1.01271085e-03 7.60418204e-04
9.91825670e-04 7.43026281e-04
9.06157690e-04 6.77359146e-04
7.74166328e-04 5.77736203e-04
6.23762471e-04 4.65251135e-04
4.85350648e-04 3.62596922e-04
3.82045799e-04 2.86956043e-04
3.19444519e-04 2.42412643e-04
2.86756495e-04 2.20476477e-04
2.73128100e-04 2.11975122e-04
2.74798244e-04 2.12894563e-04
2.86020966e-04 2.18900463e-04
2.94967087e-04 2.22329813e-04
2.90337796e-04 2.15904197e-04
2.67164708e-04 1.96521459e-04
2.27445782e-04 1.65866313e-04
1.77823552e-04 1.28861542e-04
8.06477157e-05 5.87240199e-05
4.47801283e-05 3.37905331e-05
3.80116962e-04 2.76379945e-04
4.41506206e-04 3.22386217e-04
4.73412778e-04 3.47052899e-04
4.70629386e-04 3.46002520e-04
4.34292097e-04 3.19592610e-04
3.71339731e-04 2.72771226e-04
2.92625345e-04 2.13777967e-04
3.21120065e-05 2.38857666e-05
6.63209166e-05 4.80521215e-05
8.63759689e-05 6.76614579e-05
1.22483244e-04 9.72273769e-05
1.74191770e-04 1.36358358e-04
2.35220832e-04 1.81186017e-04
2.96459664e-04 2.25574324e-04
3.47917059e-04 2.62528797e-04
3.80582396e-04 2.85678697e-04
3.88303454e-04 2.90647612e-04
3.69230706e-04 2.76014026e-04
3.26355919e-04 2.43616461e-04
2.66892354e-04 1.98119116e-04
2.00587397e-04 1.45952349e-04
4.68624640e-05 3.95078946e-05
5.95564834e-05 4.84902458e-05
6.97076680e-05 5.53743059e-05
7.55693442e-05 5.91822404e-05
7.60752851e-05 5.93407220e-05
7.10627454e-05 5.58435569e-05
6.14066488e-05 4.93071222e-05
4.90317848e-05 4.09074078e-05
3.90116146e-05 3.24517618e-05
5.07941112e-05 4.16151733e-05
6.12017609e-05 5.11250243e-05
5.82693913e-05 4.92761095e-05
4.59539747e-05 3.88071319e-05
4.20358945e-04 3.58721227e-04
7.64483601e-04 6.43578423e-04
1.19909483e-03 1.00311601e-03
1.67722353e-03 1.39859598e-03
2.13107293e-03 1.77413346e-03
2.48635434e-03 2.06837836e-03
2.68015530e-03 2.22913643e-03
2.67699793e-03 2.22662292e-03
2.47807765e-03 2.06125116e-03
2.12077472e-03 1.76350117e-03
1.66866274e-03 1.38592786e-03
1.19526297e-03 9.89858349e-04
7.66633587e-04 6.30913161e-04
4.27940613e-04 3.47658110e-04
1.97583512e-04 1.56600575e-04
7.03950916e-05 5.57127529e-05
3.34514369e-05 2.69033646e-05
3.66206331e-05 2.69664039e-05
3.74911398e-05 2.79541314e-05
3.61096387e-05 2.69701843e-05
3.22616086e-05 2.41120870e-05
2.62415972e-05 1.97758404e-05
5.89268825e-05 4.27976923e-05
3.02458867e-05 2.53016520e-05
6.15055764e-05 5.24482770e-05
6.16763096e-05 5.07968356e-05
5.71499699e-05 4.51773584e-05
4.87520348e-05 3.65806946e-05
3.29470308e-05 2.60777593e-05
2.41454308e-05 2.00890377e-05
4.00342319e-05 3.03368591e-05
2.87172984e-05 2.08721104e-05
6.82948539e-05 5.36523994e-05
1.97607498e-04 1.60132497e-04
4.18825935e-04 3.40081284e-04
7.33105558e-04 5.94469189e-04
1.11880424e-03 9.05866437e-04
1.53137372e-03 1.23841286e-03
1.91058567e-03 1.54365880e-03
2.19352196e-03 1.77102882e-03
2.32977683e-03 1.88005732e-03
2.29432152e-03 1.85073721e-03
2.09401923e-03 1.68875171e-03
1.76572809e-03 1.42392636e-03
1.36661452e-03 1.10240141e-03
9.59754219e-04 7.75005186e-04
5.99449715e-04 4.85400735e-04
3.20494174e-04 2.61408775e-04
1.34035844e-04 1.11583808e-04
4.23710073e-05 3.53409976e-05
3.06018437e-05 2.45848942e-05
4.95901425e-05 3.82594264e-05
7.14032017e-05 5.46916248e-05
9.32284099e-05 7.18710509e-05
1.11682692e-04 8.72240871e-05
1.23575703e-04 9.81578705e-05
1.26716897e-04 1.02676694e-04
1.20497572e-04 9.98925066e-05
1.06054628e-04 9.02681983e-05
2.59920507e-05 1.94796140e-05
2.39694061e-05 1.91379484e-05
2.93517855e-05 2.50600575e-05
6.74167781e-05 5.75780127e-05
5.73354727e-05 4.35114241e-05
7.04953019e-04 5.52651697e-04
1.03462283e-03 8.82186051e-04
3.51137807e-05 2.68465688e-05
3.59255517e-05 2.72699271e-05
4.91340558e-05 4.07701150e-05
3.38314007e-05 2.82591341e-05
1.58503726e-04 1.34799709e-04
1.44377173e-04 1.21481149e-04
1.21430881e-04 1.01111934e-04
9.37247530e-05 7.71067532e-05
6.55952730e-05 5.30495917e-05
4.06807303e-05 3.19300097e-05
3.24611599e-05 2.76360004e-05
3.42077613e-05 2.74277443e-05
2.35711611e-05 1.91781735e-05
3.81077448e-05 3.00229045e-05
5.10196640e-05 3.96733481e-05
6.03205426e-05 4.63642588e-05
6.50701526e-05 4.93109188e-05
6.51485602e-05 4.84321454e-05
4.36368044e-05 3.32304437e-05
2.63555689e-05 1.93979909e-05
2.71103582e-05 2.05745642e-05
3.75683575e-05 2.76313444e-05
3.93889713e-05 3.07948650e-05
3.80824044e-05 3.19604138e-05
3.94965117e-05 3.28898597e-05
4.72657674e-05 3.78214264e-05
5.31066474e-05 4.11049081e-05
5.68648932e-05 4.28227712e-05
5.85582430e-05 4.31444412e-05
2.26967267e-05 1.83191491e-05
2.52155089e-05 1.97534717e-05
3.00436779e-05 2.22307431e-05
3.49267200e-05 2.59010780e-05
3.92183363e-05 3.18975338e-05
8.56944757e-05 6.25800013e-05
8.77599682e-05 6.41215508e-05
8.34097803e-05 6.05370826e-05
2.78115832e-05 2.05035838e-05
3.63534122e-05 2.97102986e-05
4.76997915e-05 3.90996122e-05
5.78448283e-05 4.80044759e-05
6.48858631e-05 5.44652210e-05
6.73448035e-05 5.70963253e-05
2.41759905e-05 1.81654961e-05
2.66170757e-05 1.99896780e-05
2.72735358e-05 2.06103739e-05
2.60981177e-05 1.99805921e-05
2.33296392e-05 1.82229311e-05
4.04563099e-05 3.06514470e-05
6.45374500e-05 5.18414220e-05
9.25469457e-05 7.60634905e-05
1.23297054e-04 1.01981001e-04
1.54433514e-04 1.27455763e-04
1.82702600e-04 1.49803347e-04
2.04750760e-04 1.66392400e-04
2.18353662e-04 1.75567012e-04
2.23820923e-04 1.77756045e-04
2.25057754e-04 1.76404101e-04
2.29085673e-04 1.77708959e-04
2.42411685e-04 1.87534207e-04
2.65766209e-04 2.06620527e-04
2.93028479e-04 2.29686776e-04
3.15167430e-04 2.49156946e-04
3.24210652e-04 2.58577436e-04
3.15118470e-04 2.53973899e-04
2.86247649e-04 2.34022833e-04
2.39090624e-04 1.99767091e-04
1.39293358e-04 1.18905589e-04
1.05588823e-04 8.86475778e-05
7.28580660e-05 5.96694420e-05
4.51974147e-05 3.55298804e-05
2.47284829e-05 1.81856009e-05
1.67738363e-04 1.43015021e-04
3.04919692e-04 2.54632663e-04
4.81884490e-04 3.98172379e-04
6.82423164e-04 5.60522624e-04
8.81644250e-04 7.21631416e-04
1.05091562e-03 8.58447136e-04
1.16448331e-03 9.50237467e-04
1.20571684e-03 9.83632064e-04
1.17094799e-03 9.55734357e-04
1.06965200e-03 8.74270316e-04
9.20992388e-04 7.54774583e-04
7.48004502e-04 6.15843107e-04
5.71427477e-04 4.74088657e-04
4.05311979e-04 3.40516714e-04
1.47309443e-04 1.12871839e-04
2.67175956e-04 2.06655420e-04
4.09836138e-04 3.23594268e-04
5.43281849e-04 4.33887283e-04
6.46495923e-04 5.19570590e-04
7.02912143e-04 5.66781174e-04
7.03781600e-04 5.68279402e-04
6.50674350e-04 5.25447208e-04
5.55082056e-04 4.47883434e-04
4.35187730e-04 3.50645382e-04
3.11008192e-04 2.50166725e-04
1.99605890e-04 1.60289276e-04
1.11938075e-04 8.97239986e-05
5.26624173e-05 4.20833991e-05
2.58690013e-05 2.14276642e-05
2.64665079e-05 2.03954445e-05
1.20627842e-04 9.48601878e-05
1.59204182e-04 1.30315887e-04
1.84254232e-04 1.54197540e-04
1.90974965e-04 1.62251926e-04
1.61147111e-04 1.34936018e-04
3.01902213e-04 2.44101570e-04
5.26260453e-04 4.22968768e-04
8.09976497e-04 6.50946499e-04
1.11894518e-03 9.00195118e-04
1.40700928e-03 1.13333681e-03
1.62444206e-03 1.31006908e-03
1.73026518e-03 1.39709173e-03
1.70351654e-03 1.37724963e-03
1.54942616e-03 1.25458548e-03
1.29819385e-03 1.05343478e-03
9.97263696e-04 8.12287799e-04
7.03830495e-04 5.77787632e-04
4.95720028e-04 4.12593045e-04
4.83527782e-04 4.01815161e-04
6.53006039e-04 5.34476075e-04
8.78944367e-04 7.13709954e-04
1.08462802e-03 8.77674271e-04
1.22389273e-03 9.88698038e-04
1.26795826e-03 1.02332365e-03
1.20840335e-03 9.74640315e-04
1.05858401e-03 8.53387270e-04
8.49160434e-04 6.84312498e-04
6.18988875e-04 4.98781782e-04
4.04669099e-04 3.26306029e-04
2.32171504e-04 1.87775234e-04
1.12838192e-04 9.22709021e-05
8.26856439e-05 6.98013983e-05
1.43517844e-04 1.18301607e-04
2.17781692e-04 1.77722978e-04
2.96020864e-04 2.40569405e-04
3.65949568e-04 2.96905921e-04
4.15326498e-04 3.36719697e-04
4.35105631e-04 3.52524853e-04
4.21892910e-04 3.41419559e-04
3.78920312e-04 3.05936970e-04
3.15195699e-04 2.53398606e-04
2.43054034e-04 1.93957473e-04
1.74807351e-04 1.37920341e-04
1.19367595e-04 9.30556564e-05
7.97142828e-05 6.23931584e-05
5.26931173e-05 4.34223974e-05
1.34947856e-04 1.01981787e-04
1.89130466e-04 1.49294491e-04
2.41624308e-04 1.95234399e-04
2.84021673e-04 2.32588494e-04
3.09002382e-04 2.55145499e-04
3.12221285e-04 2.59265369e-04
2.93377270e-04 2.44728797e-04
2.56135753e-04 2.14618539e-04
2.06993080e-04 1.74331526e-04
1.53544379e-04 1.30116625e-04
1.02803032e-04 8.76611255e-05
5.99838045e-05 5.10380271e-05
2.69895015e-05 2.15430560e-05
3.42389213e-04 2.88383795e-04
4.94230112e-04 4.10618917e-04
6.46134431e-04 5.31804332e-04
7.74662929e-04 6.33129041e-04
8.57886621e-04 6.97169083e-04
8.80835432e-04 7.12223991e-04
8.39359322e-04 6.75354417e-04
7.41187243e-04 5.93171139e-04
6.03865899e-04 4.80133257e-04
4.50260493e-04 3.54902822e-04
3.03035306e-04 2.35886764e-04
1.79752483e-04 1.37278687e-04
8.98937630e-05 6.66660422e-05
2.21786338e-04 1.64331473e-04
2.29019003e-04 1.77329384e-04
2.61579057e-04 2.10922922e-04
3.28941038e-04 2.69090358e-04
4.16861755e-04 3.40362156e-04
5.01994033e-04 4.07624640e-04
5.63610659e-04 4.55406502e-04
5.87810841e-04 4.73178858e-04
5.69247720e-04 4.57002996e-04
5.11241836e-04 4.09757276e-04
4.24171130e-04 3.39876156e-04
3.22515849e-04 2.58965092e-04
2.21386739e-04 1.79001034e-04
1.33433048e-04 1.09851011e-04
3.01157010e-05 2.51604551e-05
1.28968353e-04 1.09492422e-04
1.49474840e-04 1.26077543e-04
1.50784008e-04 1.26500461e-04
1.30194252e-04 1.08555758e-04
9.46626875e-05 7.76441734e-05
7.72065570e-05 6.08055589e-05
1.15868815e-04 9.26915380e-05
1.74348817e-04 1.42066674e-04
2.21660226e-04 1.82557836e-04
2.44850727e-04 2.03533683e-04
2.40065499e-04 2.01697761e-04
2.10543449e-04 1.79407103e-04
9.29023050e-05 6.87339268e-05
1.26656674e-04 9.78857208e-05
1.58100705e-04 1.25595043e-04
1.82650326e-04 1.47753113e-04
1.96328287e-04 1.60758915e-04
1.96599821e-04 1.62269568e-04
1.83072270e-04 1.51791315e-04
1.57793351e-04 1.30908012e-04
1.24952221e-04 1.03016362e-04
8.99781496e-05 7.25929765e-05
5.82637263e-05 4.42088838e-05
7.19574454e-05 5.41604720e-05
1.10757175e-04 8.55441845e-05
1.52055543e-04 1.18944539e-04
1.89234882e-04 1.49201574e-04
2.15376108e-04 1.70922684e-04
2.24993294e-04 1.79734189e-04
2.15480538e-04 1.73377801e-04
1.87844722e-04 1.52311201e-04
1.46574852e-04 1.19653249e-04
9.89604245e-05 8.05820499e-05
5.54803806e-05 4.19073774e-05
6.94158657e-05 5.03204019e-05
7.68553103e-05 5.80535729e-05
7.50267665e-05 5.74624151e-05
6.63664701e-05 5.07123207e-05
5.38848265e-05 4.04555256e-05
4.92433696e-05 4.17824320e-05
2.45487755e-05 2.03645463e-05
2.20577809e-04 1.68877216e-04
2.86783664e-05 2.29910828e-05
3.71500432e-05 2.82122932e-05
3.66627249e-05 2.90572015e-05
3.37072811e-05 2.77291799e-05
2.89458883e-05 2.45053049e-05
3.60632851e-05 3.03368729e-05
3.33240047e-05 2.74538363e-05
2.84288904e-05 2.28191043e-05
2.88747124e-05 2.46258935e-05
5.50002324e-05 4.59798159e-05
5.53914907e-05 4.47202275e-05
5.23845965e-05 4.06036503e-05
4.64938419e-05 3.43293344e-05
3.64444719e-05 2.97081263e-05
3.71508346e-05 2.81343172e-05
4.72739307e-05 4.01890185e-05
3.87088753e-05 3.23532384e-05
2.96785230e-05 2.40291367e-05
2.15669679e-05 1.83540529e-05
2.48801849e-05 1.94016577e-05
2.23161493e-05 1.81367817e-05
3.64981931e-05 3.11080333e-05
3.29347514e-05 2.78420203e-05
2.75898414e-05 2.32202635e-05
2.63466057e-05 2.13680684e-05
2.49836067e-05 1.82221565e-05
3.04031531e-05 2.57927103e-05
3.83984319e-05 3.08802484e-05
4.60429000e-05 3.46345261e-05
5.56138194e-05 4.40727871e-05
6.81665505e-05 5.64302903e-05
8.52713386e-05 7.21876534e-05
1.06501370e-04 9.04999303e-05
1.29055839e-04 1.09103342e-04
1.48793136e-04 1.24882135e-04
1.61605354e-04 1.34700080e-04
1.64569226e-04 1.36211654e-04
1.56669269e-04 1.28460815e-04
1.38980174e-04 1.12130829e-04
1.14307002e-04 8.93918088e-05
8.64265501e-05 6.33992570e-05
2.48579555e-05 2.11343635e-05
3.07881244e-05 2.33915107e-05
3.96361466e-05 3.04193144e-05
4.70807294e-05 3.60009341e-05
5.17805469e-05 3.89254181e-05
5.28841685e-05 3.85560231e-05
5.08612028e-05 3.68702313e-05
6.51747751e-05 4.91652547e-05
8.14385853e-05 6.30531002e-05
9.78919652e-05 7.69142336e-05
1.11988169e-04 8.85926640e-05
1.21044768e-04 9.59076601e-05
1.23037212e-04 9.72628124e-05
1.17230366e-04 9.21385447e-05
1.04417482e-04 8.12853573e-05
8.66871088e-05 6.65416275e-05
6.68152699e-05 5.03373159e-05
4.75136325e-05 3.50563246e-05
3.08018667e-05 2.24713675e-05
3.19365602e-05 2.45296442e-05
4.49568549e-05 3.70620486e-05
5.94545595e-05 4.99025033e-05
7.33718074e-05 6.15539679e-05
8.43722070e-05 7.04760152e-05
9.04438163e-05 7.53835089e-05
9.04234704e-05 7.55390854e-05
8.42808091e-05 7.09393252e-05
7.30889354e-05 6.23316941e-05
6.28995229e-05 4.72224527e-05
7.28921323e-05 5.60871162e-05
8.20457793e-05 6.35260331e-05
8.76627209e-05 6.76405310e-05
8.77733800e-05 6.72500426e-05
8.17340669e-05 6.21587042e-05
7.03595358e-05 5.31569822e-05
5.56104433e-05 4.17729798e-05
3.99670480e-05 2.98544393e-05
2.57209891e-05 1.91223488e-05
2.40105566e-05 1.79655718e-05
2.79705916e-05 2.02787332e-05
3.58269652e-05 2.89340693e-05
3.99889163e-05 2.94200483e-05
3.66372856e-05 2.72008014e-05
2.96935155e-05 2.33767293e-05
3.40584400e-05 2.64713515e-05
5.71910280e-05 4.72201284e-05
8.23008283e-05 7.00962134e-05
3.38560277e-05 2.81812398e-05
5.51286159e-05 4.48201248e-05
4.74823765e-05 3.57227866e-05
4.91304800e-05 4.13134298e-05
1.06359776e-04 8.56504304e-05
1.91758785e-04 1.50285744e-04
3.01856309e-04 2.32851521e-04
4.25560806e-04 3.25303958e-04
5.45208510e-04 4.14587908e-04
6.40050828e-04 4.85192129e-04
6.91550468e-04 5.23148648e-04
6.89113808e-04 5.20428572e-04
6.34515599e-04 4.78374600e-04
5.43458429e-04 4.08943535e-04
4.43461932e-04 3.33122347e-04
3.68348613e-04 2.76714740e-04
3.50170130e-04 2.64050205e-04
4.09533943e-04 3.10331246e-04
5.48881733e-04 4.16745477e-04
7.51603706e-04 5.70227064e-04
9.83854809e-04 7.44849430e-04
1.19997628e-03 9.05984518e-04
1.35159079e-03 1.01727467e-03
1.39830362e-03 1.04868759e-03
1.31814893e-03 9.84210911e-04
1.11750876e-03 8.29014780e-04
8.46024618e-04 6.20431688e-04
6.97464590e-04 5.09566049e-04
9.57893662e-04 7.10124049e-04
1.21831076e-03 9.07781711e-04
1.38296226e-03 1.03222100e-03
1.41994457e-03 1.06047940e-03
1.33313058e-03 9.95820263e-04
1.15006295e-03 8.58946298e-04
9.11383484e-04 6.80256325e-04
6.60099404e-04 4.91910496e-04
4.32294042e-04 3.20913252e-04
2.51171224e-04 1.84617077e-04
4.90221980e-05 3.64618814e-05
1.30292264e-04 9.72858517e-05
2.56900697e-04 1.92623391e-04
4.25097438e-04 3.19328787e-04
6.19114478e-04 4.65426229e-04
8.12972464e-04 6.11395799e-04
9.75746062e-04 7.34068042e-04
1.07890468e-03 8.12069216e-04
1.10354006e-03 8.31194662e-04
1.04523963e-03 7.88046830e-04
9.15105901e-04 6.90816362e-04
7.36680785e-04 5.57010657e-04
5.39839705e-04 4.08903284e-04
3.53610943e-04 2.68146185e-04
2.00074939e-04 1.51140382e-04
9.10823018e-05 6.63913696e-05
2.77587173e-04 2.04141585e-04
4.47427726e-04 3.34569971e-04
6.48986127e-04 4.89502882e-04
8.57091671e-04 6.49722440e-04
1.03657928e-03 7.88352663e-04
1.15035208e-03 8.76981320e-04
1.17109086e-03 8.94604602e-04
1.09347138e-03 8.36967737e-04
9.42622299e-04 7.23025911e-04
7.74827945e-04 5.95481138e-04
6.68100971e-04 5.13646436e-04
7.02474009e-04 5.38542990e-04
9.36038187e-04 7.14382522e-04
1.38707927e-03 1.05473264e-03
2.02215302e-03 1.53394263e-03
2.75601811e-03 2.08728490e-03
3.46784933e-03 2.62325287e-03
4.02869045e-03 3.04440691e-03
4.33224571e-03 3.27069598e-03
4.32033432e-03 3.25864046e-03
3.99582736e-03 3.01096200e-03
3.41968952e-03 2.57416535e-03
2.69359947e-03 2.02526056e-03
1.93384613e-03 1.45199152e-03
1.24436383e-03 9.32535692e-04
6.96120034e-04 5.20104321e-04
3.16498237e-04 2.35136602e-04
8.62468436e-05 6.31201193e-05
6.02299341e-05 4.57676375e-05
2.05066273e-04 1.54002667e-04
3.92390688e-04 2.95253374e-04
6.21179769e-04 4.68405589e-04
8.70342754e-04 6.57285256e-04
1.10966681e-03 8.38973737e-04
1.30493211e-03 9.87581724e-04
1.42440199e-03 1.07903059e-03
1.44634251e-03 1.09663955e-03
1.36513536e-03 1.03574345e-03
1.19393974e-03 9.05816894e-04
9.62918142e-04 7.29319782e-04
7.13357664e-04 5.37431888e-04
4.90246921e-04 3.64542889e-04
3.41281393e-04 2.47886095e-04
4.35682764e-04 3.20836528e-04
6.31502303e-04 4.70791266e-04
8.63923378e-04 6.48746841e-04
1.08944563e-03 8.21987546e-04
1.26306506e-03 9.55716052e-04
1.34672747e-03 1.02009944e-03
1.31852900e-03 9.97925487e-04
1.17944574e-03 8.90297623e-04
9.57781989e-04 7.20320743e-04
7.16934104e-04 5.38649056e-04
5.77947971e-04 4.38183074e-04
6.68007739e-04 5.11138333e-04
9.38972190e-04 7.25840509e-04
1.31088802e-03 1.03528473e-03
1.76139126e-03 1.42822636e-03
2.26655797e-03 1.88097674e-03
2.77327818e-03 2.34082538e-03
3.20607260e-03 2.73658861e-03
6.23359611e-04 5.07586507e-04
9.74648591e-04 7.69541698e-04
1.36397347e-03 1.05737923e-03
1.73819664e-03 1.33206083e-03
2.03798377e-03 1.55015100e-03
2.21139219e-03 1.67367903e-03
2.22672282e-03 1.67953345e-03
2.08075899e-03 1.56554807e-03
1.79978579e-03 1.35132795e-03
1.43298103e-03 1.07345555e-03
1.04014808e-03 7.76475715e-04
6.77490570e-04 5.02364585e-04
3.85607456e-04 2.81587061e-04
4.48750004e-05 3.60114198e-05
1.07920067e-04 8.79444929e-05
2.09939085e-04 1.67824302e-04
3.48782752e-04 2.74710364e-04
5.13501305e-04 4.00464234e-04
6.83469544e-04 5.29621969e-04
8.31311724e-04 6.41672704e-04
9.28975101e-04 7.15594821e-04
9.55608082e-04 7.35736362e-04
9.05123358e-04 6.97493510e-04
7.91005187e-04 6.10966290e-04
6.46302738e-04 5.01026292e-04
5.17849513e-04 4.03037650e-04
4.55333995e-04 3.54662924e-04
4.98024725e-04 3.85802170e-04
6.63609813e-04 5.10035191e-04
9.41040927e-04 7.19191473e-04
1.28991580e-03 9.82836174e-04
1.64859438e-03 1.25432895e-03
1.94847746e-03 1.48163067e-03
2.13033271e-03 1.61971902e-03
2.15820853e-03 1.64119714e-03
2.02713761e-03 1.54218805e-03
1.76270703e-03 1.34203701e-03
1.41303107e-03 1.07722222e-03
1.03585814e-03 7.91551619e-04
6.84761234e-04 5.25653308e-04
3.98268339e-04 3.08690646e-04
1.94538640e-04 1.54256140e-04
7.24642252e-05 6.09325600e-05
1.14265299e-04 9.60678482e-05
2.10328725e-04 1.67716232e-04
3.32014255e-04 2.57957053e-04
4.66623048e-04 3.57661016e-04
5.95178075e-04 4.53022599e-04
6.95580644e-04 5.27899771e-04
7.47283153e-04 5.67243706e-04
7.36554754e-04 5.60952741e-04
6.61528056e-04 5.07560517e-04
5.37497042e-04 4.18043118e-04
4.07202354e-04 3.22681217e-04
3.56101007e-04 2.80552470e-04
4.35893212e-04 3.32033895e-04
5.72699465e-04 4.30653107e-04
6.98587632e-04 5.25425026e-04
7.88670274e-04 5.95522713e-04
8.40243819e-04 6.37067645e-04
8.60190658e-04 6.53777258e-04
8.56026383e-04 6.50580029e-04
8.29868177e-04 6.29313992e-04
7.77669498e-04 5.87862634e-04
6.93610449e-04 5.22812840e-04
5.76316761e-04 4.33646119e-04
4.34094488e-04 3.26542495e-04
2.91197679e-04 2.19006575e-04
2.06133994e-04 1.53145807e-04
2.40372861e-04 1.75571403e-04
3.23467134e-04 2.35868986e-04
3.86646230e-04 2.81795436e-04
4.10031279e-04 2.98249436e-04
3.93059516e-04 2.84951089e-04
7.76344345e-05 5.68221122e-05
3.81340427e-05 2.99998683e-05
9.99791194e-05 8.46648133e-05
5.33852571e-05 4.40593275e-05
8.68795887e-05 6.67624788e-05
2.51974447e-05 1.88646437e-05
3.27110790e-05 2.78621652e-05
1.09264760e-04 9.25993088e-05
4.48004603e-05 3.76932945e-05
4.50477562e-05 3.68660447e-05
4.22764990e-05 3.36501601e-05
3.71049127e-05 2.84645441e-05
3.97419304e-05 3.09957817e-05
3.75928727e-05 3.04466301e-05
3.35000822e-05 2.70352716e-05
2.53468273e-05 1.91036210e-05
3.52488086e-05 2.96521593e-05
4.89161932e-05 3.84748609e-05
2.82353887e-05 2.06730510e-05
2.72141394e-05 2.25396196e-05
2.41642136e-05 2.06308232e-05
5.34002778e-05 4.53612964e-05
3.19634606e-05 2.59971139e-05
2.73073386e-05 2.03600221e-05
3.11189700e-05 2.29524228e-05
2.81679254e-05 2.16812167e-05
5.47139791e-05 4.44606300e-05
1.66704535e-04 1.25965616e-04
2.63268377e-05 1.90817614e-05
2.86896950e-05 2.12525572e-05
2.95010628e-05 2.24347335e-05
2.83457743e-05 2.25695663e-05
7.52456879e-05 6.18726487e-05
5.26233200e-05 3.92083674e-05
5.51407575e-05 4.70005011e-05
3.10240039e-04 2.63937612e-04
3.68317683e-04 3.12916064e-04
4.03417875e-04 3.43177364e-04
4.09623178e-04 3.49269720e-04
3.86403880e-04 3.30021147e-04
3.38529470e-04 2.88908118e-04
2.74641941e-04 2.33197558e-04
2.05010910e-04 1.72117711e-04
1.39185034e-04 1.14628256e-04
8.42034634e-05 6.74780114e-05
4.38519445e-05 3.41550270e-05
1.06043901e-04 8.85049773e-05
2.33000214e-05 1.87332090e-05
3.14441795e-05 2.45796166e-05
3.91080596e-05 3.20989918e-05
4.53888933e-05 3.86948547e-05
9.12137684e-05 6.69575214e-05
5.12366907e-05 3.93073199e-05
4.58099028e-05 3.85766592e-05
2.14058647e-05 1.80216299e-05
6.25730962e-05 5.22927573e-05
2.94375653e-05 2.32351133e-05
7.37419187e-05 5.39488874e-05
9.12632341e-05 7.08035736e-05
1.04239288e-04 8.36878399e-05
1.10039033e-04 9.05398059e-05
1.07296050e-04 9.03655196e-05
5.59671479e-05 4.13778744e-05
6.01623466e-05 4.76785583e-05
5.95835285e-05 5.04212087e-05
5.17278739e-05 4.13798870e-05
2.72578411e-05 2.27380464e-05
8.83825877e-05 7.24821711e-05
2.48802344e-05 1.89903011e-05
2.78988304e-05 2.24918503e-05
1.04942871e-04 8.62515941e-05
6.76803002e-05 5.18481601e-05
3.32747889e-05 2.78592650e-05
2.27439256e-05 1.90840436e-05
2.62206662e-05 2.19043703e-05
4.28056459e-05 3.44918262e-05
2.29588695e-05 1.95318920e-05
2.54182545e-05 2.01434146e-05
2.84062508e-05 2.14872092e-05
2.68490240e-05 2.06369331e-05
3.02857073e-05 2.56157956e-05
4.54288086e-05 3.54910897e-05
2.77269551e-05 2.23180165e-05
4.09544330e-03 3.49859181e-03
3.49970890e-03 2.98450741e-03
2.75465677e-03 2.34329972e-03
1.97813324e-03 1.67638463e-03
1.27558146e-03 1.07436239e-03
7.18945338e-04 5.98856872e-04
3.37199644e-04 2.74415530e-04
1.20234461e-04 9.21974652e-05
3.56521939e-05 2.75757126e-05
2.44587492e-05 1.86885779e-05
2.75207679e-05 2.26232020e-05
4.88251864e-05 3.71583551e-05
4.34896579e-05 3.16346669e-05
3.38842664e-05 2.47138230e-05
3.41235341e-05 2.52842952e-05
3.20995714e-05 2.35774926e-05
3.18910314e-05 2.65533408e-05
2.48491427e-04 1.80775555e-04
1.99354890e-04 1.45385535e-04
1.46371201e-04 1.06536993e-04
3.39731583e-05 2.56306161e-05
6.16684332e-05 5.01351262e-05
1.00713048e-04 8.40606594e-05
1.48869767e-04 1.25705058e-04
2.00961583e-04 1.70841233e-04
2.49722821e-04 2.13325215e-04
1.42554243e-04 1.20603525e-04
9.48661903e-05 7.85970731e-05
5.64107707e-05 4.47936087e-05
2.71294072e-05 1.97321248e-05
3.17949673e-05 2.30901706e-05
3.44258849e-05 2.50098336e-05
6.47305251e-04 5.47195149e-04
1.06346530e-03 8.92898400e-04
1.54597296e-03 1.29268110e-03
2.03421958e-03 1.69614476e-03
2.45438720e-03 2.04219570e-03
2.73601861e-03 2.27277409e-03
2.82923743e-03 2.34705890e-03
2.71744732e-03 2.25186801e-03
2.42157854e-03 2.00502362e-03
1.99456804e-03 1.65063727e-03
1.50783786e-03 1.24782192e-03
1.03398337e-03 8.56350909e-04
6.30851840e-04 5.23559005e-04
3.31411120e-04 2.76098630e-04
1.41696386e-04 1.18378463e-04
4.66762429e-05 3.75666236e-05
1.30115047e-04 9.49669367e-05
1.52629892e-04 1.14481955e-04
1.65776309e-04 1.26677482e-04
1.66916743e-04 1.29415476e-04
1.55657407e-04 1.22242298e-04
1.34027061e-04 1.06482725e-04
1.06003123e-04 8.48864491e-05
7.65707049e-05 6.09509975e-05
5.09498420e-05 3.81532922e-05
1.27133219e-04 1.01204652e-04
2.02262769e-04 1.54549214e-04
2.85676627e-04 2.12637554e-04
3.66069303e-04 2.67117127e-04
3.78976138e-04 2.76339597e-04
2.99540295e-04 2.33508845e-04
8.78710671e-05 6.38145629e-05
7.72380806e-05 6.50613773e-05
3.18748781e-05 2.34043916e-05
2.25946646e-04 1.79118250e-04
4.82384049e-04 3.95276049e-04
8.39469266e-04 6.96217499e-04
1.26863634e-03 1.05775810e-03
1.71630985e-03 1.43477528e-03
2.11356679e-03 1.76931950e-03
2.39171833e-03 2.00367630e-03
2.49943211e-03 2.09472743e-03
2.41617480e-03 2.02523754e-03
2.15771820e-03 1.80848709e-03
1.77193300e-03 1.48474658e-03
1.32621789e-03 1.11071175e-03
8.90551586e-04 7.45245634e-04
5.21374144e-04 4.35807013e-04
2.50910736e-04 2.09452189e-04
8.44568625e-05 7.05239444e-05
2.47505596e-05 1.82398354e-05
2.76356857e-05 2.05064148e-05
2.86950388e-05 2.12230296e-05
2.78454013e-05 2.02484275e-05
2.91371168e-05 2.12134573e-05
2.52543711e-05 2.08027004e-05
3.15947987e-05 2.58313338e-05
4.70125599e-05 3.96987710e-05
6.29121890e-05 5.18510443e-05
7.68118874e-05 6.27760900e-05
8.64619922e-05 7.06964164e-05
9.02469524e-05 7.42260911e-05
8.75799010e-05 7.27123819e-05
7.90384883e-05 6.63962903e-05
6.62019703e-05 5.63489103e-05
2.49792205e-05 1.91249305e-05
2.68061392e-05 2.05915156e-05
2.65801753e-05 2.06944326e-05
2.42192807e-05 1.93917363e-05
2.85301761e-05 2.07634948e-05
3.57027706e-05 2.61281314e-05
4.32810287e-05 3.22346444e-05
5.09697248e-05 3.87680800e-05
5.81828838e-05 4.50849852e-05
6.40503310e-05 5.02796260e-05
6.75680210e-05 5.33790068e-05
6.78498724e-05 5.36111364e-05
6.43948440e-05 5.06540159e-05
5.72779957e-05 4.47729202e-05
4.72011905e-05 3.67917649e-05
3.53873791e-05 2.79054881e-05
2.33661407e-05 1.93998591e-05
3.12148713e-05 2.48701811e-05
6.57717233e-05 5.25132636e-05
3.44440456e-05 2.52402860e-05
2.76754320e-05 2.10508194e-05
4.31617368e-05 3.34460662e-05
5.88502823e-05 4.78106186e-05
7.39391262e-05 6.16011542e-05
8.56211447e-05 7.26458176e-05
2.80516746e-05 2.36584360e-05
6.62377334e-05 5.32550790e-05
1.40095186e-04 1.14993288e-04
1.92798416e-04 1.55549321e-04
2.40686801e-04 1.93093130e-04
2.75793006e-04 2.21388351e-04
2.91814766e-04 2.35296027e-04
2.85722061e-04 2.32100005e-04
2.58554671e-04 2.12232854e-04
2.15157818e-04 1.79172779e-04
1.62940500e-04 1.38545509e-04
