id 7
slope 2.5191497418395263
intercept 0.0
r2 0.9998479140166995
arctan 1.192913960039196
n_points 396

x y
1.81043393e-05 5.20883400e-05
2.20003743e-05 6.03059523e-05
2.41356613e-05 6.36918860e-05
2.43012225e-05 6.13581849e-05
3.46539724e-05 9.02846218e-05
3.69042942e-05 1.03431411e-04
3.78246243e-05 1.10966188e-04
3.72955134e-05 1.11573135e-04
3.53102113e-05 1.05450642e-04
3.19884884e-05 9.40103854e-05
2.76411489e-05 7.93540971e-05
2.28436127e-05 6.36740864e-05
1.84077086e-05 4.87541550e-05
3.98706661e-05 9.93876098e-05
6.08458665e-05 1.59150874e-04
8.42580807e-05 2.28148953e-04
1.07050096e-04 2.97415116e-04
1.25704038e-04 3.56296349e-04
1.37041787e-04 3.94829394e-04
1.39008990e-04 4.06154814e-04
1.31206311e-04 3.88238361e-04
1.15004286e-04 3.44369496e-04
9.32086802e-05 2.82287586e-04
6.93861428e-05 2.12216066e-04
4.70660153e-05 1.44413999e-04
2.90655379e-05 8.69729141e-05
2.46609101e-05 7.82305164e-05
2.62276572e-05 7.78846793e-05
2.66722606e-05 7.36076585e-05
2.59776364e-05 6.58454744e-05
2.43216190e-05 6.65894751e-05
3.32943459e-05 8.83814217e-05
4.09781702e-05 1.06017176e-04
4.62330969e-05 1.16451212e-04
2.52670370e-05 7.45271011e-05
2.53764987e-05 6.75751732e-05
2.08673387e-05 6.28184511e-05
3.26646236e-05 9.53331554e-05
4.54372054e-05 1.30209411e-04
5.75702963e-05 1.62729097e-04
6.72635797e-05 1.87758381e-04
7.29528910e-05 2.00930562e-04
7.37071303e-05 1.99747915e-04
6.94764038e-05 1.84264439e-04
6.11113812e-05 1.57132131e-04
4.19259193e-05 1.33583013e-04
5.58500866e-05 1.74783159e-04
6.74260759e-05 2.10013794e-04
7.46045877e-05 2.33326113e-04
7.61287292e-05 2.40528362e-04
7.18466254e-05 2.30264404e-04
4.07063318e-05 1.06085703e-04
3.51492846e-05 1.12563393e-04
2.59600061e-05 7.15192809e-05
2.33043266e-05 5.88626038e-05
2.33322129e-05 6.07621474e-05
1.80768205e-05 4.82957794e-05
2.94547564e-05 8.24075717e-05
4.91916362e-05 1.35507796e-04
6.56648635e-05 1.79657744e-04
7.61522728e-05 2.06988283e-04
7.92306181e-05 2.13423372e-04
7.50779958e-05 1.99474781e-04
6.53095266e-05 1.69810723e-04
5.24125181e-05 1.31716302e-04
1.97880092e-05 5.37855013e-05
2.56042500e-05 6.80473119e-05
2.26819057e-05 6.53390169e-05
2.85396378e-05 7.98579461e-05
2.92611365e-05 8.05460800e-05
2.31800021e-05 6.23242123e-05
3.62050551e-05 1.04348311e-04
5.89027783e-05 1.69034213e-04
7.77323098e-05 2.21386982e-04
8.95582106e-05 2.52386407e-04
9.27990770e-05 2.57702145e-04
8.76840079e-05 2.38467915e-04
7.61113876e-05 2.00658789e-04
6.10952877e-05 1.53243605e-04
4.99129884e-05 1.59720855e-04
5.25431591e-05 1.59142192e-04
4.15371493e-05 1.20010874e-04
7.30063353e-05 2.23777223e-04
1.20585739e-04 3.58918826e-04
1.59835641e-04 4.68470266e-04
1.84193040e-04 5.33856178e-04
1.90440462e-04 5.46191664e-04
1.79262755e-04 5.07977615e-04
1.54702532e-04 4.31697836e-04
1.22771249e-04 3.35826178e-04
8.97279809e-05 2.39616355e-04
6.05799392e-05 1.58288325e-04
3.82030202e-05 9.97640780e-05
2.32188586e-05 6.33882476e-05
2.56079362e-05 7.89074407e-05
3.89973210e-05 1.07128431e-04
3.57645730e-05 1.12309685e-04
2.01271529e-05 5.21853083e-05
2.40268861e-05 6.21225267e-05
2.91997130e-04 7.68144710e-04
2.00071722e-05 5.85102917e-05
2.46636235e-05 7.47964385e-05
2.81292120e-05 8.77820596e-05
2.97361627e-05 9.53603782e-05
1.94837178e-05 6.18803478e-05
3.28688230e-05 1.03971805e-04
4.68105179e-05 1.48579620e-04
5.86548898e-05 1.87941725e-04
1.82209528e-05 4.54681957e-05
3.78721264e-05 9.57527295e-05
6.39473826e-05 1.67899002e-04
9.43024455e-05 2.56141359e-04
1.25187889e-04 3.49100199e-04
1.51853076e-04 4.31864716e-04
1.69597432e-04 4.89410162e-04
1.74958386e-04 5.10419142e-04
1.66675269e-04 4.90351718e-04
1.46126880e-04 4.32794599e-04
1.17106161e-04 3.48660167e-04
8.50205481e-05 2.53528256e-04
5.58170152e-05 1.64116838e-04
3.48832893e-05 9.53502161e-05
3.72373999e-05 1.18177051e-04
3.81741225e-05 1.15285945e-04
3.70930458e-05 1.07467278e-04
3.42055536e-05 9.57889662e-05
3.00461410e-05 8.17321807e-05
2.53583522e-05 6.68934480e-05
2.09048039e-05 5.26825002e-05
2.38231418e-05 7.54663233e-05
2.50117301e-05 7.29070134e-05
2.50333548e-05 6.74975318e-05
2.59699118e-05 6.63013191e-05
2.94896400e-05 7.48788571e-05
3.47115929e-05 8.96448523e-05
3.91947980e-05 1.02505531e-04
4.09050416e-05 1.07438450e-04
3.89724740e-05 1.01948239e-04
3.37593804e-05 8.68555667e-05
2.17342568e-05 6.19390185e-05
1.86054594e-05 4.98346105e-05
1.93433973e-05 4.86769168e-05
1.98236814e-05 4.96974576e-05
2.03567524e-05 5.84388479e-05
2.56247703e-05 6.87044999e-05
3.62838446e-05 1.15592018e-04
1.93345308e-05 4.94169678e-05
1.98206493e-05 5.51034446e-05
2.37475687e-05 6.77089082e-05
1.95063997e-05 5.75756351e-05
1.81960942e-05 5.84464309e-05
2.73259619e-05 8.37243844e-05
4.05755265e-05 1.19789819e-04
5.33479383e-05 1.55628275e-04
6.30883437e-05 1.83869494e-04
6.76663760e-05 1.97840491e-04
6.59470131e-05 1.93667018e-04
5.82307035e-05 1.71785799e-04
4.64205996e-05 1.37527066e-04
3.39498204e-05 1.00959583e-04
2.53472586e-05 7.57894328e-05
2.31577980e-05 7.02006797e-05
2.37665621e-05 7.34733513e-05
2.28596989e-05 7.22428448e-05
1.82384438e-05 5.18550269e-05
2.41738797e-05 7.32218440e-05
2.26887403e-05 6.57899367e-05
1.89024262e-05 5.80450356e-05
3.96914612e-05 1.03721025e-04
2.95776695e-05 8.83447404e-05
1.97496492e-05 5.11966355e-05
3.16931720e-05 8.98082362e-05
1.95625304e-05 4.97366201e-05
1.82429595e-05 4.67258820e-05
1.89550173e-05 5.43209522e-05
2.08740033e-05 6.20437420e-05
3.66772692e-05 1.05595520e-04
2.67624285e-05 7.42987473e-05
2.19710324e-05 5.91320837e-05
2.60226659e-05 6.77444364e-05
2.78324430e-05 7.12564342e-05
2.70211333e-05 6.87428736e-05
2.37416723e-05 6.06150603e-05
1.86300071e-05 4.84980681e-05
3.46579240e-05 9.22559354e-05
3.00218251e-05 8.49921134e-05
2.43841846e-05 7.31290868e-05
1.84825103e-05 5.89927743e-05
2.82806661e-05 7.29116821e-05
2.12629935e-05 5.95299541e-05
1.62587222e-04 4.15536132e-04
5.08808717e-04 1.28405016e-03
1.08000614e-03 2.72164210e-03
1.86895458e-03 4.70934322e-03
2.80987989e-03 7.08018753e-03
3.78304373e-03 9.53123724e-03
4.63686646e-03 1.16798146e-02
5.22257205e-03 1.31510991e-02
5.43152025e-03 1.36721879e-02
5.22378068e-03 1.31437824e-02
4.63887154e-03 1.16667509e-02
3.78519498e-03 9.51502666e-03
2.81156551e-03 7.06358450e-03
1.86986663e-03 4.69436691e-03
1.08028623e-03 2.70899042e-03
5.09017311e-04 1.27300722e-03
3.41858605e-05 9.22261109e-05
3.20778826e-05 9.11189557e-05
1.85815315e-04 4.68724470e-04
2.15082096e-04 5.50768460e-04
2.30396563e-04 5.97553715e-04
2.28809589e-04 6.00218840e-04
2.10525664e-04 5.58270639e-04
1.78837702e-04 4.79748697e-04
1.39242934e-04 3.79057097e-04
9.80340390e-05 2.73164041e-04
6.08152003e-05 1.77394319e-04
2.03603288e-05 5.07541283e-05
2.82873149e-05 9.02770859e-05
2.48496536e-05 7.39224646e-05
2.40354296e-05 7.28216953e-05
2.07763142e-05 6.67409264e-05
1.97948353e-05 5.11622477e-05
1.92193454e-05 5.45157841e-05
2.16825219e-05 6.85012953e-05
2.59401756e-05 6.96182483e-05
2.96217108e-05 8.68511324e-05
3.22177440e-05 9.82426781e-05
3.30955884e-05 1.01760377e-04
3.18047167e-05 9.68971543e-05
2.82163654e-05 8.47809966e-05
2.25893207e-05 6.78177238e-05
2.93863019e-05 9.31997343e-05
2.16076631e-05 6.33587779e-05
2.19462228e-05 5.72393653e-05
3.50924628e-05 9.79605451e-05
3.17483883e-05 1.01205853e-04
2.48810514e-05 7.22003464e-05
1.87679522e-05 5.67486149e-05
2.42851323e-05 7.50721259e-05
5.46269781e-05 1.55428209e-04
2.52012450e-05 6.86619846e-05
1.84310325e-05 4.78631955e-05
1.95626650e-05 5.49719695e-05
4.20123270e-05 1.17038425e-04
2.00714318e-05 5.03278619e-05
2.06806315e-05 5.85345496e-05
2.35917680e-05 7.18834459e-05
3.08648821e-05 8.04287373e-05
3.07264207e-05 9.77573252e-05
5.68151458e-05 1.68441781e-04
5.25320936e-05 1.65954481e-04
4.00204931e-05 1.27621459e-04
2.86688317e-05 8.19465004e-05
3.46958874e-05 9.38748686e-05
2.98240194e-05 8.64137662e-05
2.05051001e-05 6.43070510e-05
3.04677676e-05 8.98399128e-05
2.64212871e-05 8.14088436e-05
1.94562946e-05 4.99679435e-05
2.07270346e-05 6.36512696e-05
3.60583126e-05 1.04740407e-04
2.19931743e-05 5.67450104e-05
1.84272453e-05 5.88722067e-05
5.36451775e-05 1.36443757e-04
1.96740084e-05 5.81815648e-05
3.82240086e-05 1.02185816e-04
2.44349132e-05 6.48295799e-05
2.43049895e-05 6.73855218e-05
2.32255520e-05 6.49895063e-05
2.13054029e-05 5.80235513e-05
1.84825546e-05 4.77848901e-05
2.51020912e-05 7.02827986e-05
3.49720368e-05 9.71519427e-05
4.48738936e-05 1.22713666e-04
5.30876330e-05 1.42519317e-04
5.80941841e-05 1.52917921e-04
5.90602235e-05 1.51988647e-04
5.60347979e-05 1.40026577e-04
2.58098514e-05 7.71801410e-05
1.82555467e-05 5.31184085e-05
2.17212758e-05 6.50625454e-05
2.41236407e-05 7.31223933e-05
2.52820644e-05 7.60536228e-05
2.50309867e-05 7.35984884e-05
2.31975618e-05 6.64647661e-05
1.97010691e-05 5.60721753e-05
1.87259061e-05 5.78987593e-05
2.68808930e-05 7.83084351e-05
3.58318442e-05 9.72545127e-05
4.41291074e-05 1.11775422e-04
1.92762826e-05 4.84574990e-05
1.94040727e-05 5.44492716e-05
2.23023932e-05 6.46323607e-05
2.45388728e-05 7.16902254e-05
2.54758485e-05 7.41980482e-05
2.47307437e-05 7.14608890e-05
2.23426506e-05 6.37359812e-05
1.87767232e-05 5.22159340e-05
1.80575628e-05 5.05560828e-05
2.41676655e-05 6.70162419e-05
2.95032951e-05 7.37622873e-05
3.97736832e-05 9.97789283e-05
5.26616965e-05 1.37623239e-04
6.43456483e-05 1.72207598e-04
7.29856543e-05 1.97842679e-04
7.71362675e-05 2.09936028e-04
7.60863773e-05 2.06085209e-04
7.00372654e-05 1.86723525e-04
6.00786337e-05 1.55096402e-04
2.08478102e-05 6.63004670e-05
1.86839576e-05 5.67096189e-05
2.65688895e-05 7.68446795e-05
3.13585041e-05 8.29453192e-05
3.78264761e-05 1.06324648e-04
4.27548238e-05 1.24963363e-04
4.52727385e-05 1.35576807e-04
4.48408002e-05 1.36259242e-04
4.13913374e-05 1.26972289e-04
3.53639081e-05 1.09538406e-04
2.76273736e-05 8.71409903e-05
3.57886442e-05 8.92856942e-05
5.25297730e-05 1.45794230e-04
6.95145088e-05 2.03488939e-04
8.42688850e-05 2.54065486e-04
9.44185389e-05 2.89427921e-04
9.82193140e-05 3.03692916e-04
9.49725456e-05 2.94712787e-04
8.52003291e-05 2.64629764e-04
7.05256312e-05 2.19288392e-04
5.32902709e-05 1.66704194e-04
3.60237517e-05 1.15080672e-04
2.60144910e-05 7.82236831e-05
3.61327048e-05 1.00109670e-04
8.78186399e-05 2.67588620e-04
6.20742398e-05 1.67937561e-04
1.78905042e-05 4.75572582e-05
6.72270960e-05 1.79433132e-04
6.86682301e-05 1.76560674e-04
5.38643520e-05 1.59398212e-04
6.79831023e-05 1.84210536e-04
6.73479458e-05 2.12158647e-04
5.56594778e-05 1.74582140e-04
4.19708724e-05 1.34680154e-04
3.05955687e-05 9.66958388e-05
2.03560772e-05 5.22485645e-05
2.10928094e-05 5.97858361e-05
2.27493602e-05 6.33136460e-05
2.44672341e-05 6.21086746e-05
2.07649163e-05 6.15421887e-05
3.12799395e-05 8.35403438e-05
4.12424641e-05 1.03962620e-04
1.92342291e-05 5.31776671e-05
2.11350724e-05 6.21768804e-05
2.62049782e-05 8.00584692e-05
2.51753068e-05 6.94279736e-05
2.28796732e-05 5.76062684e-05
2.31307917e-05 6.12597663e-05
3.24821364e-05 8.57581380e-05
3.87574752e-05 1.01913968e-04
3.91058974e-05 1.02243820e-04
3.16057946e-05 8.16269683e-05
3.13409716e-05 8.88994273e-05
5.53873819e-05 1.54210423e-04
7.41034714e-05 2.05306694e-04
8.44900409e-05 2.34022430e-04
8.54105257e-05 2.37186039e-04
7.77558278e-05 2.17096602e-04
6.40498332e-05 1.80471615e-04
4.76501800e-05 1.36279099e-04
3.18132132e-05 9.31966700e-05
1.89085680e-05 5.74930387e-05
2.91941760e-05 7.93490480e-05
4.12487905e-05 1.03529296e-04
3.94367939e-05 9.92709483e-05
4.89554177e-05 1.31283216e-04
5.38320080e-05 1.48880205e-04
5.34389007e-05 1.50409410e-04
4.83648491e-05 1.37673703e-04
4.00964635e-05 1.15071304e-04
3.04887630e-05 8.81388258e-05
2.11905715e-05 6.19588989e-05
6.32194055e-05 1.90161854e-04
9.66167334e-05 2.81191140e-04
1.20084835e-04 3.43617012e-04
1.30228496e-04 3.67954154e-04
1.26517626e-04 3.53188669e-04
1.11203717e-04 3.06386219e-04
8.85166037e-05 2.40190726e-04
6.34326112e-05 1.69095564e-04
4.04339257e-05 1.05727486e-04
2.26838512e-05 5.82692272e-05
1.82736931e-05 4.86186656e-05
2.23105587e-05 5.69071789e-05
1.99281182e-05 5.19085659e-05
1.85026244e-05 4.99278223e-05
