id 0
slope 0.9413782482404534
intercept 0.0
r2 0.9994531937802701
arctan 0.7552113903950949
n_points 2821

x y
2.57157020e-05 2.26309211e-05
2.67289297e-05 2.30336430e-05
2.20333150e-05 2.10126651e-05
2.24211454e-05 2.09892725e-05
2.40107041e-05 2.07555566e-05
2.16960062e-05 1.86364930e-05
2.94175804e-05 2.58949453e-05
2.13455880e-05 2.03518527e-05
2.89526124e-05 2.83851355e-05
1.90468438e-05 1.88266820e-05
2.08433673e-05 2.07458992e-05
2.47909682e-05 2.25520193e-05
2.10457237e-05 2.06033659e-05
1.95374462e-05 1.80301572e-05
2.58375395e-05 2.30959046e-05
2.68210977e-05 2.54142089e-05
2.78390636e-05 2.39877069e-05
2.69900822e-05 2.35667630e-05
2.44380693e-05 2.13048354e-05
5.56418140e-05 5.43929647e-05
5.69762588e-05 5.07956654e-05
1.99530699e-05 1.83630149e-05
2.04201453e-05 1.91710867e-05
2.16615580e-05 2.09179499e-05
5.43922419e-05 5.13665396e-05
3.44006505e-05 3.33178663e-05
3.60160040e-05 3.55256338e-05
3.27904761e-05 3.05049096e-05
2.79053496e-05 2.42041598e-05
2.94815923e-05 2.78527813e-05
2.10271615e-05 1.93420859e-05
3.92531285e-05 3.39699045e-05
4.93197062e-05 4.24373987e-05
2.98645100e-05 2.61408521e-05
2.12153520e-05 1.98351409e-05
2.83978791e-05 2.59632046e-05
2.70381370e-05 2.65384122e-05
5.00282873e-05 4.49888940e-05
7.06787345e-05 6.66497977e-05
9.13350083e-05 8.87474938e-05
1.08641334e-04 1.07848139e-04
1.73351117e-04 1.48554228e-04
1.90511072e-04 1.64716944e-04
1.94309850e-04 1.69104243e-04
1.84057805e-04 1.61185974e-04
1.61673947e-04 1.42858738e-04
1.31194066e-04 1.17922521e-04
9.77390749e-05 9.10535775e-05
3.12037327e-05 2.96699031e-05
6.79050987e-05 6.41039092e-05
1.19239661e-04 1.12154675e-04
1.81299345e-04 1.70138934e-04
2.46632579e-04 2.31083780e-04
3.05494290e-04 2.85912096e-04
3.47992760e-04 3.25429754e-04
3.66507898e-04 3.42555749e-04
3.57650958e-04 3.34129359e-04
3.23155012e-04 3.01735062e-04
2.69414530e-04 2.51285911e-04
2.05820171e-04 1.91497519e-04
1.42410631e-04 1.31729864e-04
8.75564514e-05 7.98534178e-05
4.63441858e-05 4.07581585e-05
4.95893251e-05 4.48505669e-05
5.80992863e-05 5.50146051e-05
6.35183612e-05 6.24071714e-05
2.26234627e-05 2.23504130e-05
3.50084548e-05 3.24319199e-05
4.82164242e-05 4.34112270e-05
6.02405192e-05 5.36932219e-05
6.90234606e-05 6.15955783e-05
7.29544837e-05 6.57388786e-05
7.12855199e-05 6.53913533e-05
6.43335181e-05 6.06524013e-05
5.34047197e-05 5.24163771e-05
2.10738961e-05 2.01091508e-05
4.98469181e-05 4.94713389e-05
4.26146568e-05 4.14917274e-05
3.35943357e-05 3.21218728e-05
2.41355454e-05 2.28182779e-05
1.33512890e-04 1.16321618e-04
1.54386588e-04 1.35757717e-04
1.64842678e-04 1.45439777e-04
1.62858620e-04 1.43733001e-04
1.48728015e-04 1.31139272e-04
1.24990001e-04 1.10152839e-04
9.57761897e-05 8.46052488e-05
6.57816583e-05 5.87021346e-05
3.91788620e-05 3.60426779e-05
1.79188395e-04 1.53758383e-04
1.71290231e-04 1.48562525e-04
1.51306865e-04 1.32591928e-04
1.22880516e-04 1.08845282e-04
9.08861399e-05 8.15045357e-05
6.02299760e-05 5.48819971e-05
3.47576128e-05 3.24314965e-05
2.04006363e-05 1.94322804e-05
2.18617105e-05 2.12917207e-05
2.22420188e-05 2.18277653e-05
2.12256156e-05 2.08755736e-05
1.87772157e-05 1.85503969e-05
4.78197350e-05 4.25168902e-05
1.08334888e-04 9.66446640e-05
1.93429070e-04 1.74228742e-04
2.97084389e-04 2.69911811e-04
4.07252424e-04 3.72572410e-04
5.07821923e-04 4.67123864e-04
5.82104578e-04 5.37785732e-04
6.16872097e-04 5.71914517e-04
6.05735419e-04 5.63243085e-04
5.50815120e-04 5.13518700e-04
4.62177631e-04 4.32022979e-04
3.55222467e-04 3.33132649e-04
2.46847460e-04 2.32696656e-04
1.51567046e-04 1.44345424e-04
7.87077811e-05 7.68048627e-05
2.14296154e-05 1.91677605e-05
2.11224928e-05 1.97635818e-05
1.93797666e-05 1.92110380e-05
2.31232609e-05 2.30470861e-05
2.93691219e-05 2.76358197e-05
3.45037114e-05 3.09560387e-05
3.77088257e-05 3.25042807e-05
1.91616247e-05 1.90901452e-05
4.40575295e-05 4.20072779e-05
8.25602192e-05 7.70104719e-05
1.33190184e-04 1.22846652e-04
1.91156124e-04 1.75187448e-04
2.48766922e-04 2.27116130e-04
2.96902212e-04 2.70474558e-04
3.27123207e-04 2.97747013e-04
3.33801507e-04 3.03941625e-04
3.15603533e-04 2.87891805e-04
2.75854125e-04 2.52564717e-04
2.21659612e-04 2.04278003e-04
1.62071311e-04 1.51077533e-04
1.05869788e-04 1.00792295e-04
5.96441034e-05 5.93709617e-05
2.58418499e-05 2.39183492e-05
3.47335260e-05 3.11313909e-05
4.19517032e-05 3.71796872e-05
4.64099873e-05 4.11219062e-05
4.75256315e-05 4.23257793e-05
4.53557474e-05 4.06124468e-05
4.05634759e-05 3.62961674e-05
3.42282926e-05 3.01092931e-05
3.14217754e-05 2.76406025e-05
3.75555243e-05 3.53254865e-05
4.13644404e-05 4.08855779e-05
2.95237795e-05 2.87506963e-05
3.37382011e-05 3.23331947e-05
3.51034961e-05 3.34358705e-05
3.35086068e-05 3.18343618e-05
2.93970950e-05 2.78631622e-05
2.36536335e-05 2.23214890e-05
1.30292688e-04 1.12205611e-04
2.72721358e-04 2.35697586e-04
4.67831281e-04 4.04344057e-04
6.99569879e-04 6.04323474e-04
9.39111543e-04 8.10836397e-04
1.15003379e-03 9.92558667e-04
1.29646243e-03 1.11864125e-03
1.35190425e-03 1.16630714e-03
1.30609370e-03 1.12674794e-03
1.16770205e-03 1.00746508e-03
9.62042755e-04 8.30301456e-04
7.24502773e-04 6.25783764e-04
4.91766342e-04 4.25552077e-04
2.93502325e-04 2.55182942e-04
1.46874934e-04 1.29453955e-04
5.52102642e-05 5.12215848e-05
3.28211574e-05 3.10055756e-05
8.09754408e-05 7.73692596e-05
1.55810772e-04 1.48795761e-04
2.54566808e-04 2.42978723e-04
3.67862876e-04 3.51090743e-04
4.80629122e-04 4.58784820e-04
5.75037738e-04 5.49057534e-04
6.34642024e-04 6.06233727e-04
6.48509831e-04 6.19914445e-04
6.14072996e-04 5.87676491e-04
5.37790166e-04 5.15677256e-04
4.33416723e-04 4.16983436e-04
3.18443100e-04 3.08169856e-04
2.09824785e-04 2.05263339e-04
1.20287842e-04 1.20252213e-04
2.70141411e-05 2.35914075e-05
4.63949374e-05 3.99316581e-05
3.19532657e-05 3.12094830e-05
3.62622776e-05 3.36129748e-05
5.64640764e-05 4.89204869e-05
3.16850598e-05 2.92848410e-05
7.70269428e-05 6.62418658e-05
5.06226140e-05 4.45546271e-05
2.55011486e-05 2.18612880e-05
2.76634955e-05 2.55018901e-05
2.24076830e-05 2.04619364e-05
2.18108089e-05 1.96362034e-05
2.11887149e-05 2.12317212e-05
8.62223993e-05 8.22401874e-05
1.12282522e-04 1.04152974e-04
1.33236710e-04 1.21854479e-04
1.45379704e-04 1.32245523e-04
1.46450321e-04 1.33353514e-04
1.36215112e-04 1.24855293e-04
1.16528014e-04 1.08186211e-04
9.08485109e-05 8.61962086e-05
6.33738602e-05 6.24535843e-05
4.58076149e-05 3.95893387e-05
5.23167574e-05 4.62522050e-05
5.57841078e-05 5.03141147e-05
5.53735256e-05 5.10645481e-05
5.09670703e-05 4.83869419e-05
4.32154881e-05 4.27907246e-05
4.43797116e-05 4.37576148e-05
3.50092239e-05 3.41433500e-05
2.50704104e-05 2.46961492e-05
6.19390488e-05 5.41775547e-05
6.80055286e-05 6.10312013e-05
6.97764007e-05 6.39883230e-05
6.68527851e-05 6.25148527e-05
5.96881111e-05 5.68725375e-05
4.94832241e-05 4.80419443e-05
3.78881140e-05 3.74686862e-05
2.50744198e-05 2.26535062e-05
1.88286529e-05 1.85130764e-05
1.95960223e-05 1.84470796e-05
2.23079281e-05 2.00277492e-05
2.33156702e-05 2.00634840e-05
3.82040599e-05 3.63251830e-05
4.18947183e-05 3.82335972e-05
4.31539665e-05 3.79585118e-05
2.37721372e-05 2.35962029e-05
3.29034378e-05 3.16121250e-05
3.48675610e-05 3.00795412e-05
3.67287182e-05 3.25630318e-05
3.60024138e-05 3.28188121e-05
3.28299489e-05 3.08472363e-05
2.77344181e-05 2.70784417e-05
5.21160853e-05 4.52904411e-05
4.41207557e-05 3.99992939e-05
3.43158226e-05 3.28420916e-05
4.00505753e-05 3.94462456e-05
7.78259801e-05 7.36074305e-05
1.23257407e-04 1.15191902e-04
1.70856607e-04 1.59177130e-04
2.13569430e-04 1.99025173e-04
2.44321758e-04 2.28094523e-04
2.57731029e-04 2.41256365e-04
2.51474039e-04 2.36214590e-04
2.26888749e-04 2.14112375e-04
1.88621158e-04 1.79229056e-04
1.43428589e-04 1.37861025e-04
9.85128960e-05 9.67369299e-05
2.11946346e-05 1.98859761e-05
4.28953591e-05 4.03467232e-05
9.85283142e-05 9.31968656e-05
1.79466420e-04 1.68982368e-04
2.80558304e-04 2.62796841e-04
3.90476886e-04 3.64179583e-04
4.93473008e-04 4.58652581e-04
5.72703401e-04 5.30750078e-04
6.14241354e-04 5.67701858e-04
6.10588614e-04 5.62676797e-04
5.62607263e-04 5.16578785e-04
4.79267093e-04 4.37822750e-04
3.75295335e-04 3.40158482e-04
2.67475891e-04 2.39226741e-04
1.70742131e-04 1.48906647e-04
2.24625434e-05 1.97341203e-05
3.41818893e-05 3.42924133e-05
4.85357423e-05 4.82295846e-05
6.55848533e-05 6.14406865e-05
8.07954096e-05 7.36375995e-05
9.16505382e-05 8.26647762e-05
9.62616156e-05 8.67247856e-05
9.38489819e-05 8.48536028e-05
8.49511341e-05 7.71833183e-05
7.12957374e-05 6.49168130e-05
5.53747008e-05 5.00256920e-05
3.98575518e-05 3.47678117e-05
2.35335379e-05 2.16309766e-05
2.53656267e-05 2.32409555e-05
2.04595899e-05 1.90857929e-05
2.41029369e-05 2.06209753e-05
2.12490877e-05 1.90484663e-05
1.96609724e-05 1.86511166e-05
2.75683926e-05 2.54423203e-05
3.71995416e-05 3.25038333e-05
3.38961991e-05 3.13985288e-05
3.37876185e-05 3.37870185e-05
3.79471877e-05 3.55574545e-05
3.89614389e-05 3.45282888e-05
1.99916881e-05 1.94581326e-05
4.30615079e-05 4.27755657e-05
3.40755143e-05 3.12411118e-05
1.69441995e-04 1.48691232e-04
2.77997771e-04 2.48743520e-04
4.02366488e-04 3.64327446e-04
5.26468075e-04 4.80322386e-04
6.31154066e-04 5.78628464e-04
6.98575298e-04 6.42324166e-04
7.16605904e-04 6.59866478e-04
6.81981348e-04 6.28059707e-04
6.01165955e-04 5.52869362e-04
4.88672841e-04 4.47831846e-04
3.63367918e-04 3.30571317e-04
2.43913587e-04 2.18512051e-04
1.44739392e-04 1.25070548e-04
6.44452731e-05 5.62837558e-05
5.86736697e-05 5.33102963e-05
4.95851958e-05 4.65410241e-05
3.89848416e-05 3.73640710e-05
2.88706960e-05 2.75240090e-05
2.09137183e-05 1.86342004e-05
1.00786258e-04 8.66107323e-05
1.06805456e-04 9.48045605e-05
1.07862872e-04 9.75006375e-05
1.02172045e-04 9.33487870e-05
8.97809938e-05 8.26327613e-05
7.23934309e-05 6.70610985e-05
5.27920852e-05 4.92270779e-05
3.40139177e-05 3.18652369e-05
8.94257945e-05 8.68649502e-05
1.14562404e-04 1.08611553e-04
1.33391966e-04 1.24101230e-04
1.42910955e-04 1.30584465e-04
1.41789164e-04 1.26954849e-04
1.30636810e-04 1.13997457e-04
4.78425909e-05 4.45420880e-05
4.91446963e-05 4.88721194e-05
3.95855363e-05 3.89388346e-05
3.33504189e-05 3.12089492e-05
2.59435071e-05 2.24858135e-05
8.38931690e-04 7.22957262e-04
1.08991831e-03 9.89263948e-04
1.32779686e-03 1.23329246e-03
1.50772249e-03 1.41437618e-03
1.59295350e-03 1.50013543e-03
1.56406299e-03 1.47475055e-03
1.42398117e-03 1.34307978e-03
1.19703595e-03 1.12933282e-03
9.22278026e-04 8.70739249e-04
6.43281118e-04 6.08216745e-04
3.97649360e-04 3.76894688e-04
2.09333032e-04 1.99211657e-04
8.56793583e-05 8.22824814e-05
5.07233331e-05 4.50084319e-05
1.11859406e-04 1.08368153e-04
4.68374407e-04 4.50106278e-04
1.15053625e-03 1.09862099e-03
2.18725934e-03 2.08301942e-03
3.53311823e-03 3.36072529e-03
5.05430246e-03 4.80517832e-03
6.54487372e-03 6.22119364e-03
7.76777746e-03 7.38376927e-03
8.51003437e-03 8.09043384e-03
8.63610962e-03 8.21197729e-03
8.12309952e-03 7.72601471e-03
7.06666384e-03 6.72281849e-03
5.65583845e-03 5.38158159e-03
4.12472921e-03 3.92465340e-03
2.69610270e-03 2.56398034e-03
1.53364721e-03 1.45569206e-03
7.15832899e-04 6.75178850e-04
2.37134612e-04 2.18516092e-04
2.11936869e-05 2.06879906e-05
1.96634830e-05 1.84738154e-05
1.14117594e-04 1.14241212e-04
1.81781113e-04 1.76902685e-04
2.57573574e-04 2.46626465e-04
3.30785492e-04 3.13341698e-04
3.89476847e-04 3.65830172e-04
4.23366218e-04 3.94477286e-04
4.26438094e-04 3.93767622e-04
3.98448307e-04 3.63729213e-04
3.44870618e-04 3.09876235e-04
2.75344958e-04 2.41697793e-04
3.30080067e-05 3.18405954e-05
1.43629352e-04 1.23214326e-04
1.53551792e-04 1.31526629e-04
4.75222653e-05 4.07391563e-05
2.57842272e-05 2.44520389e-05
2.82314744e-05 2.51444184e-05
3.39529000e-05 3.18678199e-05
3.74809235e-05 3.65836420e-05
4.28511298e-05 4.22955067e-05
5.83402160e-05 5.32397346e-05
5.69147990e-05 5.56032815e-05
8.80334112e-05 7.55712126e-05
9.74466982e-05 8.50627721e-05
1.02663681e-04 9.10240645e-05
1.03348405e-04 9.31223100e-05
9.98106048e-05 9.15311122e-05
9.27943051e-05 8.67518493e-05
8.32259355e-05 7.94111092e-05
7.20452410e-05 7.01477367e-05
6.01587205e-05 5.96147785e-05
4.84503937e-05 4.85212575e-05
3.77521261e-05 3.76198799e-05
2.87359790e-05 2.76150431e-05
2.17750345e-05 1.90435278e-05
2.27671861e-04 2.07198498e-04
3.35609778e-04 3.13276881e-04
4.49760715e-04 4.24396841e-04
5.52899226e-04 5.24295569e-04
6.27388001e-04 5.96467506e-04
6.59455194e-04 6.28165731e-04
6.42740428e-04 6.13672957e-04
5.79988282e-04 5.55816705e-04
4.82352375e-04 4.65244057e-04
3.66535280e-04 3.57683320e-04
2.50668198e-04 2.50050768e-04
2.40119868e-05 2.06231301e-05
2.53291949e-05 2.35122309e-05
2.15722459e-05 2.08978806e-05
4.31537622e-05 4.16360049e-05
3.90759436e-05 3.63819402e-05
5.24389409e-05 5.14650620e-05
4.77139746e-05 4.57975659e-05
1.75329302e-04 1.73317782e-04
3.11531915e-04 2.74037489e-04
1.42556498e-03 1.30672792e-03
3.60403980e-03 3.32958939e-03
6.96420748e-03 6.45086918e-03
1.13803751e-02 1.05544515e-02
1.64307715e-02 1.52490434e-02
2.14442613e-02 1.99113583e-02
2.56313243e-02 2.38076569e-02
2.82663594e-02 2.62630856e-02
2.88688471e-02 2.68300992e-02
2.73279902e-02 2.54045019e-02
2.39316352e-02 2.22526312e-02
1.92903384e-02 1.79411047e-02
1.41807433e-02 1.31914907e-02
9.35711058e-03 8.70521760e-03
5.38736381e-03 5.01108086e-03
2.55855578e-03 2.37712411e-03
8.72872504e-04 8.06693194e-04
1.65529762e-04 1.51576064e-04
1.64446062e-04 1.58696504e-04
7.48837691e-05 7.40503275e-05
4.52879616e-05 3.94298321e-05
9.22523338e-05 8.67843867e-05
6.06792807e-05 6.05300477e-05
5.12296350e-05 5.11295695e-05
4.16881934e-05 4.09523148e-05
2.74340330e-05 2.63425188e-05
4.55701774e-05 4.29301926e-05
3.84003603e-05 3.56653305e-05
3.00268798e-05 2.99977152e-05
2.63936791e-05 2.60704451e-05
3.57076172e-05 3.25434830e-05
5.79270785e-05 5.04494420e-05
8.17124673e-05 7.01782451e-05
1.01712726e-04 8.70906242e-05
1.13212257e-04 9.71032531e-05
1.13840932e-04 9.81575576e-05
1.04300084e-04 9.08115645e-05
8.78318137e-05 7.77496286e-05
6.87604047e-05 6.25148093e-05
5.08406448e-05 4.81190207e-05
3.61536456e-05 3.61673620e-05
2.63142993e-05 2.60170468e-05
1.05596497e-04 1.05849552e-04
1.17096332e-04 1.16557050e-04
1.20049602e-04 1.18895501e-04
1.14893774e-04 1.13225630e-04
1.03187431e-04 1.01099400e-04
8.70219654e-05 8.47076170e-05
6.85600586e-05 6.63751619e-05
4.97896993e-05 4.82219456e-05
3.24413118e-05 3.19906895e-05
1.06728833e-04 9.76660620e-05
2.10700969e-04 1.85572317e-04
3.47337149e-04 3.01198283e-04
5.03445543e-04 4.33565588e-04
6.58390943e-04 5.65231293e-04
7.88040769e-04 6.75628330e-04
8.70198885e-04 7.45703480e-04
8.90012097e-04 7.62580014e-04
8.43750087e-04 7.22872302e-04
7.39797959e-04 6.33631002e-04
5.96536769e-04 5.10600109e-04
4.37743954e-04 3.74291522e-04
1.62040562e-04 1.38553829e-04
7.26586621e-05 6.30369052e-05
1.93146026e-05 1.90028495e-05
2.56982207e-05 2.20855606e-05
2.50642074e-05 2.47733535e-05
2.40984251e-05 2.33722231e-05
2.14383829e-05 2.05468938e-05
2.53306104e-05 2.16637678e-05
2.16045855e-05 1.84689149e-05
3.51756263e-05 3.52281379e-05
3.83282812e-05 3.71004181e-05
3.90781294e-05 3.61996480e-05
3.71956166e-05 3.25562865e-05
4.02499072e-05 3.77881869e-05
4.85575303e-05 4.23378048e-05
2.12450208e-05 2.03746821e-05
1.50231852e-04 1.50597709e-04
1.43266855e-04 1.42208461e-04
1.27116314e-04 1.24970039e-04
1.04691304e-04 1.01908451e-04
7.97560993e-05 7.68352763e-05
5.59823845e-05 5.34073810e-05
3.61193188e-05 3.43124497e-05
2.15229516e-05 2.08186233e-05
6.44465391e-05 6.45875141e-05
7.98131479e-05 7.79771067e-05
9.16264686e-05 8.83783669e-05
9.76755625e-05 9.40643596e-05
9.67283613e-05 9.40126574e-05
8.88705154e-05 8.81845150e-05
1.07993152e-04 1.03431956e-04
4.54008256e-04 4.31431525e-04
1.09042524e-03 1.03500540e-03
2.04237312e-03 1.93867279e-03
3.26355512e-03 3.09846574e-03
4.62853950e-03 4.39500550e-03
5.94947493e-03 5.64952563e-03
7.01424564e-03 6.66027463e-03
7.63628206e-03 7.24996927e-03
7.70152750e-03 7.31047412e-03
7.19812574e-03 6.83096458e-03
6.21947767e-03 5.90069688e-03
4.93971561e-03 4.68552391e-03
3.56938003e-03 3.38561576e-03
2.30504662e-03 2.18750471e-03
1.28781358e-03 1.22464839e-03
5.81794370e-04 5.57058145e-04
1.77642013e-04 1.74320955e-04
3.36096406e-05 3.23545607e-05
3.20854286e-05 2.91571930e-05
2.45735631e-05 2.19038437e-05
2.49648985e-05 2.35610026e-05
2.63413922e-05 2.37746650e-05
7.17756413e-05 7.16553247e-05
7.23922978e-05 7.15661320e-05
6.78648997e-05 6.62727121e-05
5.89919564e-05 5.65792466e-05
4.72896191e-05 4.40093625e-05
3.46356974e-05 3.04434862e-05
2.50859810e-05 2.33480587e-05
4.26286255e-05 3.73933068e-05
4.24315755e-05 3.88599134e-05
3.93442152e-05 3.74100958e-05
3.38352881e-05 3.33845145e-05
1.43720588e-04 1.41625457e-04
1.86098137e-04 1.78901987e-04
2.20342990e-04 2.08353364e-04
2.40655874e-04 2.24701821e-04
2.43476852e-04 2.24834808e-04
2.28411600e-04 2.08637012e-04
1.98338093e-04 1.79035960e-04
1.58658755e-04 1.41245943e-04
1.15935589e-04 1.01450775e-04
7.63333452e-05 6.53364129e-05
3.12174705e-05 2.70396734e-05
2.32225893e-05 2.13920346e-05
4.15658397e-05 3.59641386e-05
9.54069494e-05 8.36506278e-05
1.75194510e-04 1.54482563e-04
2.76927049e-04 2.44922953e-04
3.90082863e-04 3.45565056e-04
4.99062734e-04 4.42443624e-04
5.86390326e-04 5.19899516e-04
6.36821679e-04 5.64271896e-04
6.41167601e-04 5.67346831e-04
5.98660868e-04 5.28503650e-04
5.17130390e-04 4.54882119e-04
4.10934239e-04 3.59516012e-04
2.97308909e-04 2.58021559e-04
1.92263654e-04 1.64863927e-04
2.16517983e-05 1.91295030e-05
2.22144113e-05 2.05074588e-05
2.16761879e-05 2.08234986e-05
2.02442718e-05 2.00260280e-05
1.82229021e-05 1.81865085e-05
4.12133999e-05 3.62654230e-05
4.50489242e-05 4.09142007e-05
4.55645918e-05 4.24052862e-05
4.27116330e-05 4.04815642e-05
3.70804220e-05 3.56129650e-05
2.97306504e-05 2.88650710e-05
2.19023077e-05 2.16032856e-05
2.62153228e-05 2.32147476e-05
5.69008016e-05 5.35882086e-05
1.03083492e-04 9.74329656e-05
1.62516687e-04 1.52467830e-04
2.29178812e-04 2.13105263e-04
2.94032245e-04 2.71213047e-04
3.46830760e-04 3.17744730e-04
3.78493882e-04 3.44826205e-04
3.83352104e-04 3.47696961e-04
3.60576582e-04 3.25916153e-04
3.14352132e-04 2.83460178e-04
2.52750676e-04 2.27686621e-04
1.85672105e-04 1.67495708e-04
1.22495507e-04 1.11259015e-04
7.01332595e-05 6.51296761e-05
1.88480034e-05 1.80316195e-05
2.67837816e-05 2.30254133e-05
2.91722286e-05 2.57738485e-05
2.97533971e-05 2.65997487e-05
2.82479312e-05 2.53046544e-05
2.48142894e-05 2.21427310e-05
1.92955078e-05 1.90814797e-05
2.82293444e-05 2.74510050e-05
3.91976188e-05 3.91490911e-05
6.50197576e-05 6.46419174e-05
6.64022620e-05 6.50537209e-05
6.30066854e-05 6.05545586e-05
5.53557796e-05 5.19081872e-05
4.47292726e-05 4.05907015e-05
3.28549748e-05 2.84338845e-05
7.27858034e-05 6.22705883e-05
6.62521370e-05 5.82724939e-05
5.60140808e-05 5.06645245e-05
4.37934572e-05 4.08442661e-05
3.14091277e-05 3.04607850e-05
4.36957106e-05 3.83220449e-05
4.27321970e-05 3.84088318e-05
3.88987616e-05 3.56652996e-05
3.27761779e-05 3.06967173e-05
2.52137429e-05 2.43897493e-05
2.89391773e-05 2.51219758e-05
3.69726331e-05 3.70352795e-05
4.38613719e-05 4.27270406e-05
4.78830343e-05 4.61420636e-05
4.82961462e-05 4.66163180e-05
4.50529570e-05 4.40436518e-05
3.88333880e-05 3.89093190e-05
6.04415738e-05 5.24706678e-05
6.27452365e-05 5.69198117e-05
6.04235686e-05 5.78641923e-05
2.62736003e-05 2.49926268e-05
2.10203675e-05 1.86510947e-05
4.31562900e-05 3.84999920e-05
3.88317723e-05 3.73907086e-05
1.99526113e-05 1.83589342e-05
2.57532319e-05 2.35761133e-05
3.10171798e-05 2.82335749e-05
3.50001231e-05 3.15604894e-05
3.71149620e-05 3.29675284e-05
3.70738774e-05 3.22015382e-05
1.99003468e-05 1.91940570e-05
2.01322450e-05 1.79897660e-05
2.60632407e-05 2.29422579e-05
3.64250585e-05 3.47029392e-05
4.83697964e-05 4.71398870e-05
6.03993265e-05 5.86421233e-05
7.05598578e-05 6.75057535e-05
7.70779014e-05 7.24120625e-05
7.89052411e-05 7.27913776e-05
7.59812376e-05 6.89395557e-05
6.91455475e-05 6.18490654e-05
5.97678551e-05 5.28239943e-05
4.92754252e-05 4.30461613e-05
3.88139146e-05 3.33155787e-05
5.31793075e-05 5.04271297e-05
1.25441954e-04 1.16215523e-04
2.36463091e-04 2.18659928e-04
3.82360921e-04 3.54405888e-04
5.49474082e-04 5.10781335e-04
7.15837156e-04 6.67129757e-04
8.55439950e-04 7.98803063e-04
9.44210688e-04 8.82839071e-04
9.66008494e-04 9.03696932e-04
9.16798582e-04 8.57300613e-04
8.05700828e-04 7.52120898e-04
6.52582598e-04 6.06955442e-04
4.82963380e-04 4.46116382e-04
3.21820393e-04 2.93532893e-04
1.88145784e-04 1.67552041e-04
1.47663454e-04 1.26490487e-04
1.40207396e-04 1.22612930e-04
1.20383671e-04 1.09684350e-04
9.03927736e-05 8.98803227e-05
2.46081336e-05 2.28013058e-05
2.75657368e-05 2.56455884e-05
3.88378537e-05 3.47663535e-05
4.93543063e-05 4.33487001e-05
5.73442136e-05 4.98982448e-05
6.14727223e-05 5.31751896e-05
6.11366500e-05 5.25262708e-05
2.44260985e-05 2.09840861e-05
2.32415567e-05 2.14821060e-05
7.19515734e-05 6.15226333e-05
6.00644958e-05 5.14866580e-05
3.09173803e-05 2.98184096e-05
2.58015226e-05 2.57947105e-05
2.26842001e-05 2.19885860e-05
2.79033960e-05 2.48213881e-05
2.54590345e-05 2.32388302e-05
2.18601831e-05 1.96833359e-05
4.00356064e-05 3.57791071e-05
2.25682059e-05 2.15505911e-05
2.30257918e-05 2.00688023e-05
2.02130241e-05 2.01483645e-05
1.90562206e-05 1.84733355e-05
2.66031507e-05 2.36623995e-05
2.46694440e-05 2.40930805e-05
1.99349348e-05 1.94280695e-05
2.82822941e-05 2.64799126e-05
2.84882195e-05 2.45788607e-05
5.51953097e-05 4.82927564e-05
5.11913730e-05 4.75957818e-05
4.18400888e-05 3.59112831e-05
6.84171803e-05 5.86272082e-05
7.79166856e-05 6.74203569e-05
2.90488476e-04 2.63949411e-04
1.10466795e-03 9.69251289e-04
2.57300131e-03 2.23237794e-03
4.73685937e-03 4.08408955e-03
7.47638698e-03 6.41834366e-03
1.04979678e-02 8.98268843e-03
2.37457956e-05 2.19358453e-05
2.49681397e-05 2.40016717e-05
2.20244117e-05 2.13318804e-05
3.84559793e-05 3.34536033e-05
5.63408322e-05 5.09296290e-05
7.53583475e-05 6.96386276e-05
9.26416495e-05 8.67847500e-05
1.05253653e-04 9.95008874e-05
1.10899606e-04 1.05524790e-04
1.08485183e-04 1.03744979e-04
9.83615889e-05 9.44506266e-05
8.22066013e-05 7.92264287e-05
6.26029269e-05 6.05472563e-05
4.24527181e-05 4.12114073e-05
2.43924678e-05 2.37937680e-05
1.88831438e-04 1.83850971e-04
3.26570467e-04 3.10527451e-04
4.91583318e-04 4.61184222e-04
6.63558392e-04 6.17225027e-04
8.16436043e-04 7.55053013e-04
9.24207964e-04 8.51332779e-04
9.67315004e-04 8.88711258e-04
9.37705839e-04 8.60273616e-04
8.40962163e-04 7.71340933e-04
6.94806319e-04 6.38042257e-04
5.24467746e-04 4.83123173e-04
3.56377927e-04 3.30315487e-04
2.12138265e-04 1.98984506e-04
1.04526834e-04 1.00578627e-04
8.49489578e-05 7.41173159e-05
1.45439970e-04 1.33114676e-04
2.18719444e-04 2.04359071e-04
2.95832098e-04 2.79295291e-04
3.65201661e-04 3.46829924e-04
4.15100911e-04 3.95754083e-04
4.36492729e-04 4.17471437e-04
4.25337729e-04 4.08182696e-04
3.83639066e-04 3.69842321e-04
3.18900901e-04 3.09595132e-04
2.42185974e-04 2.37888292e-04
1.65392680e-04 1.65864362e-04
6.78518662e-05 6.41499760e-05
5.80707208e-05 5.07178540e-05
2.22963361e-05 1.97542680e-05
9.64830272e-05 9.60022057e-05
8.37644154e-05 8.13238944e-05
6.68093570e-05 6.26412281e-05
4.87843367e-05 4.29869607e-05
2.23470460e-05 2.12533672e-05
2.06796853e-05 1.85380409e-05
2.66313614e-05 2.34292075e-05
3.15879230e-05 2.76648367e-05
3.49052172e-05 3.03853469e-05
3.60849267e-05 3.09859462e-05
3.61258919e-05 3.22738584e-05
3.03999739e-05 3.01892106e-05
1.82399030e-05 1.80003036e-05
5.09053886e-05 5.09155113e-05
4.74888130e-05 4.53785918e-05
4.06506833e-05 3.73911298e-05
3.16780880e-05 2.80888323e-05
1.91341363e-05 1.82705732e-05
2.08629367e-05 1.88909524e-05
1.26686261e-04 1.12499460e-04
2.63343672e-04 2.42120185e-04
4.53624269e-04 4.24903431e-04
6.83717395e-04 6.47431081e-04
9.26559216e-04 8.83171651e-04
1.14640130e-03 1.09701553e-03
1.30659510e-03 1.25298082e-03
1.37847721e-03 1.32298826e-03
1.34870588e-03 1.29407868e-03
1.22276594e-03 1.17181977e-03
1.02353012e-03 9.78818500e-04
7.85334855e-04 7.48813022e-04
5.45437020e-04 5.18207385e-04
3.35467189e-04 3.17640502e-04
1.75350031e-04 1.66010664e-04
7.12911351e-05 6.84146484e-05
1.91804913e-05 1.81610858e-05
3.51200409e-05 3.35022332e-05
5.18726870e-05 4.63046206e-05
6.83367871e-05 5.92461138e-05
8.17706114e-05 7.02605709e-05
8.96698628e-05 7.73273504e-05
9.04521217e-05 7.90186597e-05
8.39113020e-05 7.49118115e-05
7.12956757e-05 6.57266904e-05
5.49885607e-05 5.31407370e-05
4.82053579e-05 4.32338192e-05
5.12938304e-05 4.81006374e-05
5.11728143e-05 4.92960592e-05
4.78889311e-05 4.67168652e-05
4.20860226e-05 4.10085615e-05
3.48389220e-05 3.33482927e-05
2.73706397e-05 2.51024176e-05
5.10666009e-05 4.93574984e-05
5.05631929e-05 4.63989318e-05
4.66436410e-05 4.08599995e-05
6.56896422e-05 6.21105624e-05
8.80409206e-05 7.98201644e-05
1.12227099e-04 9.89125786e-05
1.36302509e-04 1.17974504e-04
1.57898118e-04 1.35231293e-04
1.87982368e-04 1.60942966e-04
1.84247526e-04 1.58967585e-04
1.75094555e-04 1.52622261e-04
1.62182530e-04 1.42969516e-04
1.46850640e-04 1.30849976e-04
1.29796332e-04 1.16729014e-04
1.11250754e-04 1.00875384e-04
9.14740964e-05 8.36989433e-05
7.11713105e-05 6.59805445e-05
5.15560958e-05 4.88486443e-05
3.40759086e-05 3.35440627e-05
5.07485168e-05 4.99403026e-05
1.86364757e-05 1.84807951e-05
8.60784296e-05 8.19187749e-05
1.51717443e-04 1.30252135e-04
1.09471343e-04 1.00129951e-04
1.85326934e-05 1.82193619e-05
2.20160201e-05 2.01572725e-05
2.40816598e-05 2.23429474e-05
2.50638442e-05 2.38623242e-05
2.47679475e-05 2.45601288e-05
2.79278914e-05 2.66656134e-05
1.01720399e-04 8.82548247e-05
9.71213201e-05 9.23211580e-05
6.39560250e-05 6.39109421e-05
8.09378823e-05 7.97927130e-05
9.37618434e-05 9.21803834e-05
1.00401313e-04 9.87670955e-05
9.97982046e-05 9.83129498e-05
9.21188205e-05 9.09312909e-05
7.87282616e-05 7.80316605e-05
6.18804740e-05 6.19309764e-05
2.10991534e-05 1.81732487e-05
2.00566351e-05 1.82835457e-05
3.24851452e-05 2.89773640e-05
3.68729615e-05 3.52753816e-05
3.61971765e-05 3.52757623e-05
6.34748723e-05 6.25194123e-05
9.68614082e-05 9.52653636e-05
1.32511537e-04 1.29659111e-04
1.65246921e-04 1.60614369e-04
1.89668160e-04 1.82925350e-04
2.01460124e-04 1.92566695e-04
1.98490371e-04 1.87758942e-04
1.81352754e-04 1.69452277e-04
1.53186878e-04 1.41073634e-04
1.18842492e-04 1.07628560e-04
8.36658384e-05 7.44601056e-05
5.22867643e-05 4.60706847e-05
2.77501425e-05 2.53849170e-05
2.49236122e-05 2.36816370e-05
2.78321235e-05 2.50383244e-05
2.80764083e-05 2.45679601e-05
2.57961476e-05 2.22130135e-05
3.56641057e-05 3.50521495e-05
3.49855370e-05 2.99464603e-05
4.40915604e-05 3.86888417e-05
5.12709137e-05 4.58406475e-05
5.53154230e-05 5.01869293e-05
5.54885944e-05 5.09908211e-05
5.17163748e-05 4.81908123e-05
4.46167815e-05 4.24190401e-05
3.53576888e-05 3.48273224e-05
2.90265684e-05 2.54359305e-05
3.99535565e-05 3.46140035e-05
5.77835518e-05 5.67621508e-05
6.31337839e-05 5.98870953e-05
6.34652322e-05 5.95849481e-05
5.88590099e-05 5.60635483e-05
5.02839787e-05 5.00093014e-05
2.47029870e-05 2.12534114e-05
3.98917726e-05 3.67914716e-05
6.12168341e-05 6.13346181e-05
3.09602868e-05 2.98126618e-05
1.86101760e-04 1.71482129e-04
4.17175061e-04 3.68145066e-04
7.52613819e-04 6.53520919e-04
1.17156619e-03 1.01027911e-03
1.62783151e-03 1.39901122e-03
2.05656718e-03 1.76422809e-03
2.38784738e-03 2.04607677e-03
2.56330041e-03 2.19464388e-03
2.55087593e-03 2.18261157e-03
2.35316659e-03 2.01235131e-03
2.00666429e-03 1.71522847e-03
3.90290583e-04 3.33762320e-04
1.72770658e-04 1.48391720e-04
5.26589213e-05 4.72028372e-05
3.42949274e-05 3.02341043e-05
5.22621445e-05 4.80498696e-05
7.09910562e-05 6.73906477e-05
8.75971464e-05 8.55872720e-05
2.11896320e-05 1.81246016e-05
1.96676555e-05 1.85453723e-05
8.35237310e-05 8.08650608e-05
9.34724709e-05 8.22225757e-05
2.78484687e-05 2.71345206e-05
1.66542322e-04 1.44691097e-04
1.80852680e-04 1.59205436e-04
1.82891006e-04 1.62625673e-04
1.71814436e-04 1.54238224e-04
1.49088631e-04 1.35435408e-04
1.18213176e-04 1.09429429e-04
8.39304357e-05 8.05090966e-05
3.41418640e-05 3.39623765e-05
4.57566579e-05 4.38975311e-05
5.53678117e-05 5.20921671e-05
6.11100851e-05 5.70213959e-05
6.18061514e-05 5.76210821e-05
5.72934642e-05 5.36376112e-05
4.84812537e-05 4.57551043e-05
3.71204346e-05 3.54582798e-05
2.53732354e-05 2.46804715e-05
6.10730164e-05 5.25709265e-05
1.08875208e-04 9.73830685e-05
1.69652772e-04 1.54711615e-04
2.36719806e-04 2.18364266e-04
3.00580508e-04 2.79442355e-04
3.50882417e-04 3.28157795e-04
3.78810681e-04 3.56095363e-04
3.79243142e-04 3.58272046e-04
3.52034229e-04 3.34387447e-04
3.02047788e-04 2.88894868e-04
2.37933525e-04 2.29878762e-04
1.70014938e-04 1.67084051e-04
2.13786297e-05 2.04968741e-05
2.37266155e-05 2.07127268e-05
2.60585600e-05 2.32170369e-05
3.22144253e-05 2.88311650e-05
3.38350240e-05 3.16734144e-05
4.37933381e-05 4.14698230e-05
5.33165299e-05 4.89278442e-05
3.16613500e-05 2.86870283e-05
4.29200681e-05 3.80980403e-05
6.41601210e-05 5.76699152e-05
7.72370982e-05 6.60176826e-05
3.05667617e-05 2.64164911e-05
8.27651320e-05 7.29046997e-05
7.77427014e-05 6.89168604e-05
9.89173550e-05 8.82446160e-05
1.49510586e-04 1.33841199e-04
2.98603678e-04 2.55489079e-04
4.90009671e-05 4.87856816e-05
8.08418953e-05 7.51228263e-05
4.63756166e-05 4.52296304e-05
4.44134457e-05 3.89816471e-05
4.43808346e-05 4.12653570e-05
1.94028229e-05 1.88220996e-05
2.73823610e-05 2.40910640e-05
2.45807579e-05 2.11390959e-05
2.25595671e-05 2.14777643e-05
2.32120404e-05 2.20112352e-05
1.97239275e-05 1.85520904e-05
2.34816395e-05 2.18300516e-05
2.79573065e-05 2.51045950e-05
2.66348852e-05 2.40022982e-05
2.38076207e-05 2.14750330e-05
1.95623986e-05 1.88156200e-05
4.32253801e-05 3.97496562e-05
7.62448591e-05 6.81561215e-05
1.16210683e-04 1.01810838e-04
1.58357426e-04 1.36610404e-04
8.70798286e-05 7.45461244e-05
5.14900379e-05 4.64816866e-05
3.61011501e-05 3.10819521e-05
2.99262147e-05 2.84761710e-05
2.19636267e-05 1.98912485e-05
2.30246513e-05 2.13984063e-05
2.26469153e-05 2.17775404e-05
2.08213607e-05 2.07687425e-05
2.02694649e-05 1.83836005e-05
2.81038378e-05 2.81707400e-05
2.59107275e-05 2.49167951e-05
3.45421421e-05 3.33069399e-05
4.33100293e-05 4.13480953e-05
5.05684205e-05 4.75189770e-05
5.49176621e-05 5.05956156e-05
5.55137962e-05 4.99402231e-05
5.22486071e-05 4.56485356e-05
2.15508267e-05 2.05617252e-05
2.23843927e-05 2.01828629e-05
2.01256798e-05 1.98745757e-05
1.74697173e-04 1.72438897e-04
1.16966915e-04 1.02596144e-04
5.03117588e-05 4.31104861e-05
6.09876724e-05 5.39128414e-05
6.78559544e-05 6.20964708e-05
6.96677761e-05 6.61059220e-05
6.61047647e-05 6.50911888e-05
6.64229515e-05 5.73446306e-05
4.37285571e-05 4.06001895e-05
7.63924388e-05 6.59423478e-05
9.08865697e-05 8.19293272e-05
9.79423617e-05 9.11238833e-05
9.68361252e-05 9.22309920e-05
8.87223822e-05 8.55595431e-05
7.58114052e-05 7.28444850e-05
6.05494308e-05 5.67604756e-05
4.51861346e-05 4.02492776e-05
2.59449603e-05 2.31038542e-05
4.48010566e-05 4.09157004e-05
1.16351498e-04 1.14885462e-04
1.93904522e-04 1.86377823e-04
2.85256905e-04 2.74422961e-04
3.79014638e-04 3.73796201e-04
3.99125108e-05 3.93784792e-05
5.13641772e-05 4.85109776e-05
5.95747502e-05 5.54608348e-05
6.28988431e-05 5.89018476e-05
6.06460107e-05 5.81632976e-05
5.33099617e-05 5.33907014e-05
2.26457128e-05 2.07926081e-05
2.20801656e-05 2.04199007e-05
2.50959635e-05 2.50987051e-05
4.74577478e-05 4.33234665e-05
1.89676303e-05 1.88663489e-05
3.89106934e-05 3.42813237e-05
3.63766302e-05 3.36450728e-05
3.13902602e-05 3.09479930e-05
2.79958198e-05 2.48096038e-05
5.36578919e-05 4.83106982e-05
8.49137780e-05 7.78731661e-05
1.18570388e-04 1.10397575e-04
1.50217076e-04 1.41535087e-04
1.75107552e-04 1.66547177e-04
1.89255439e-04 1.81406469e-04
1.90414755e-04 1.83789749e-04
1.78640586e-04 1.73653715e-04
1.56252939e-04 1.53214758e-04
1.27217848e-04 1.26344234e-04
6.07360243e-05 5.22777876e-05
7.58384782e-05 6.79847369e-05
8.70045142e-05 8.08535150e-05
9.23824156e-05 8.85305043e-05
9.11750800e-05 8.95840294e-05
8.38507760e-05 8.38640036e-05
5.79991069e-05 5.76402000e-05
4.42352759e-05 4.17523232e-05
8.48873903e-05 7.30615900e-05
1.48639737e-04 1.31641326e-04
2.27470077e-04 2.04555401e-04
3.12442023e-04 2.83722556e-04
3.91285243e-04 3.57827300e-04
4.51012587e-04 4.14721175e-04
4.81036758e-04 4.44340610e-04
4.75862986e-04 4.41271470e-04
4.36521225e-04 4.06160953e-04
3.70282787e-04 3.45529829e-04
2.88751125e-04 2.70050113e-04
2.04929972e-04 1.91840609e-04
1.30170963e-04 1.21620917e-04
7.18869440e-05 6.65581926e-05
3.26068002e-05 2.93648699e-05
1.40270130e-04 1.38028277e-04
2.54284003e-04 2.44690602e-04
3.99325702e-04 3.79750023e-04
5.60221670e-04 5.28942235e-04
7.14691579e-04 6.71526743e-04
8.37898712e-04 7.84509426e-04
9.08287124e-04 8.48036843e-04
9.13000218e-04 8.50376894e-04
8.51215171e-04 7.90954396e-04
7.34344620e-04 6.80490326e-04
5.83044456e-04 5.38207882e-04
4.21974722e-04 3.86994011e-04
2.73932352e-04 2.48016166e-04
1.55085201e-04 1.36396877e-04
2.79005651e-05 2.43593252e-05
1.92920248e-05 1.80499431e-05
2.08646724e-05 1.81866494e-05
3.03896856e-05 2.65559785e-05
3.06973207e-05 2.69992244e-05
2.89667531e-05 2.50753714e-05
2.83983664e-05 2.84627796e-05
6.07782594e-05 5.74862560e-05
2.25469550e-05 2.08799382e-05
6.44448757e-05 5.72163388e-05
1.70448155e-04 1.68278268e-04
2.12431722e-04 2.03265272e-04
2.42902319e-04 2.27534747e-04
2.56307911e-04 2.36650163e-04
2.50599255e-04 2.28841778e-04
2.27456692e-04 2.05479331e-04
1.91665498e-04 1.70709074e-04
1.49778612e-04 1.30375794e-04
2.44799739e-05 2.37961934e-05
2.29845490e-05 2.06454323e-05
2.51172340e-05 2.39780744e-05
2.56171402e-05 2.52124579e-05
2.08328477e-05 1.82133727e-05
2.37338489e-05 2.20235270e-05
3.00061015e-05 2.70691806e-05
2.03039900e-05 1.94088832e-05
2.86314680e-05 2.62654970e-05
4.20231642e-05 3.97853079e-05
5.56306790e-05 5.39456830e-05
6.71078199e-05 6.66886702e-05
1.98137837e-05 1.79924122e-05
1.32315649e-04 1.23769660e-04
2.01870283e-04 1.81489197e-04
2.73608370e-04 2.40864995e-04
3.36764274e-04 2.92909965e-04
3.80799976e-04 3.28776065e-04
3.97892620e-04 3.41947703e-04
3.84876152e-04 3.29937704e-04
3.44040854e-04 2.94951587e-04
2.82542267e-04 2.43309098e-04
2.10604212e-04 1.83810087e-04
1.39073748e-04 1.25562120e-04
7.70897974e-05 7.59346569e-05
3.92078062e-05 3.90488549e-05
3.97099917e-05 3.78222170e-05
3.74397155e-05 3.45302635e-05
3.29755017e-05 2.98264058e-05
2.72765250e-05 2.45850577e-05
2.14309835e-05 1.97068772e-05
2.12287493e-05 1.81942924e-05
2.66152110e-05 2.56514725e-05
1.94456017e-05 1.86384795e-05
2.16159470e-05 1.92296303e-05
2.75600924e-05 2.74316995e-05
3.22068946e-05 3.05932949e-05
3.61182365e-05 3.15228148e-05
2.63060629e-05 2.49253871e-05
4.59485570e-05 4.58425748e-05
2.55587175e-05 2.54371442e-05
2.95438340e-05 2.88187520e-05
3.21478114e-05 3.09489640e-05
3.27807188e-05 3.12987042e-05
3.12884733e-05 2.98099546e-05
2.80035025e-05 2.68592546e-05
2.36370323e-05 2.31020482e-05
4.38640951e-05 4.06525593e-05
9.47052576e-05 8.44896249e-05
1.64236270e-04 1.45220491e-04
2.46974146e-04 2.18578953e-04
3.32817365e-04 2.95999839e-04
4.08833314e-04 3.66096550e-04
4.62141676e-04 4.17168823e-04
4.83093204e-04 4.40058689e-04
4.67781167e-04 4.30501032e-04
4.19092693e-04 3.90237298e-04
3.45960871e-04 3.26542401e-04
2.61057430e-04 2.50321675e-04
1.77663846e-04 1.73385305e-04
1.06707634e-04 1.05744463e-04
5.49104383e-05 5.37357186e-05
2.65306974e-05 2.39509088e-05
2.18261939e-05 2.11636453e-05
1.85684013e-05 1.86238604e-05
3.27050491e-05 3.03795623e-05
2.30224411e-05 2.24935464e-05
2.95524277e-05 2.88924474e-05
3.45187399e-05 3.36782696e-05
3.70975530e-05 3.61845914e-05
3.68691732e-05 3.61382942e-05
3.39381406e-05 3.37027602e-05
3.56648799e-05 3.09424432e-05
3.29612476e-05 2.91881995e-05
2.79968043e-05 2.56277571e-05
2.15708245e-05 2.10212661e-05
3.80329510e-05 3.29827957e-05
5.01569150e-05 4.64983832e-05
6.09306544e-05 5.88460379e-05
6.85415560e-05 6.79995853e-05
2.37352954e-05 2.21661543e-05
6.52874784e-05 6.54704987e-05
8.26523973e-05 8.06048139e-05
9.73714842e-05 9.22676101e-05
1.06657941e-04 9.83890331e-05
1.08616921e-04 9.77940608e-05
1.02736914e-04 9.05177469e-05
9.00135623e-05 7.78067119e-05
2.10002962e-05 1.81167244e-05
2.24105914e-05 1.97578502e-05
6.46518397e-05 6.23630452e-05
8.46264435e-05 8.12345511e-05
7.92931766e-04 7.85260529e-04
9.42936589e-04 9.22381471e-04
1.03533474e-03 1.00725204e-03
1.05344077e-03 1.02398509e-03
9.94091586e-04 9.68654404e-04
8.68460147e-04 8.50454801e-04
6.99116404e-04 6.89440138e-04
5.14262260e-04 5.11529548e-04
3.88823651e-05 3.80115631e-05
2.83839393e-05 2.49834520e-05
4.38914900e-05 3.90350538e-05
5.94099473e-05 5.26624200e-05
7.24321029e-05 6.38047416e-05
8.07090950e-05 7.06366488e-05
8.28054271e-05 7.20378523e-05
7.84582370e-05 6.78849321e-05
6.86239525e-05 5.90664496e-05
5.51958140e-05 4.72193740e-05
1.84278402e-05 1.80858026e-05
7.79320433e-05 6.73660645e-05
1.16046129e-04 1.04479471e-04
1.56449520e-04 1.44840350e-04
1.93537718e-04 1.82583995e-04
2.21506558e-04 2.11510805e-04
2.35693446e-04 2.26513398e-04
2.33715602e-04 2.24827181e-04
2.16068247e-04 2.06720740e-04
1.85994460e-04 1.75413876e-04
1.48656222e-04 1.36249626e-04
1.09852880e-04 9.53740765e-05
4.32757746e-05 4.16262719e-05
6.39536444e-05 5.72108668e-05
2.09115493e-05 1.85822370e-05
2.77829528e-05 2.57794535e-05
3.42822420e-05 3.33172183e-05
2.16492067e-05 1.96623166e-05
2.76362273e-05 2.73739813e-05
3.74330183e-05 3.75238486e-05
4.45907587e-05 4.40359620e-05
3.68712852e-05 3.41679649e-05
3.15199111e-05 2.91966886e-05
3.88868985e-05 3.40825273e-05
4.36226356e-05 3.75931431e-05
4.47276022e-05 3.88750072e-05
4.18801173e-05 3.75164399e-05
3.55893367e-05 3.37208905e-05
2.34103866e-05 2.02820778e-05
2.70625604e-05 2.35167076e-05
2.84652421e-05 2.53217396e-05
2.73376025e-05 2.55625576e-05
2.85227613e-05 2.78333328e-05
3.21118654e-05 2.83221165e-05
2.44166856e-05 2.26042514e-05
6.88724116e-05 6.57570351e-05
2.26878193e-04 2.14502070e-04
4.99325857e-04 4.70632280e-04
8.89577095e-04 8.37478359e-04
1.37306909e-03 1.29185632e-03
1.89606073e-03 1.78306365e-03
2.38382645e-03 2.24071087e-03
2.75643030e-03 2.58965474e-03
2.94785372e-03 2.76802101e-03
2.92280814e-03 2.74296668e-03
2.68600526e-03 2.51928172e-03
2.28093533e-03 2.13810160e-03
1.77853790e-03 1.66614987e-03
1.25935003e-03 1.17892817e-03
7.94643667e-04 7.43053955e-04
4.32085027e-04 4.02935824e-04
1.89738347e-04 1.75391610e-04
6.03470316e-05 5.46444048e-05
1.98054309e-05 1.80944597e-05
2.05130976e-05 1.94308638e-05
2.04129614e-05 2.00814454e-05
2.74939495e-05 2.36636340e-05
3.05529542e-05 2.87543777e-05
3.34568572e-05 3.33099092e-05
3.27922877e-05 3.10477115e-05
5.73980951e-05 5.64589971e-05
3.70572340e-04 3.42040169e-04
1.17296084e-03 1.12045508e-03
2.59682692e-03 2.49683791e-03
4.66899989e-03 4.49881442e-03
7.26734565e-03 7.00909719e-03
1.01096808e-02 9.75543105e-03
1.27950067e-02 1.23505179e-02
1.48870687e-02 1.43727726e-02
1.60179004e-02 1.54664316e-02
1.59808322e-02 1.54315333e-02
1.47842420e-02 1.42759800e-02
1.26491067e-02 1.22132616e-02
9.95120337e-03 9.60661437e-03
7.12627619e-03 6.87729403e-03
4.56745144e-03 4.40527143e-03
2.54500696e-03 2.45146191e-03
1.16977461e-03 1.12196798e-03
4.08708193e-04 3.82044630e-04
6.41009981e-05 5.73191301e-05
2.49925927e-05 2.45348516e-05
2.39590076e-05 2.25884534e-05
2.63058874e-05 2.63991677e-05
1.30649869e-04 1.11985161e-04
1.40366098e-04 1.21096037e-04
1.39315829e-04 1.20857806e-04
1.27886838e-04 1.11582989e-04
1.08524002e-04 9.53078779e-05
8.49808242e-05 7.51822903e-05
6.12476225e-05 5.45982549e-05
4.05383295e-05 3.63719982e-05
2.46611906e-05 2.22310400e-05
5.94484252e-05 5.20540660e-05
1.26986379e-04 1.19195117e-04
2.26579561e-04 2.18875972e-04
3.52523444e-04 3.45001677e-04
4.91188534e-04 4.83720664e-04
6.23046606e-04 6.15386146e-04
7.26763579e-04 7.18665743e-04
7.84247711e-04 7.75588233e-04
7.85165860e-04 7.76017879e-04
7.29553870e-04 7.20190721e-04
6.27728463e-04 6.18548392e-04
4.97556933e-04 4.88959800e-04
3.59958197e-04 3.52227706e-04
2.34011617e-04 2.27258193e-04
1.33078157e-04 1.27279853e-04
6.29101321e-05 5.80862030e-05
2.20343855e-05 1.88427890e-05
3.03786836e-05 3.00614708e-05
3.42129189e-05 3.31644223e-05
3.68016740e-05 3.45785534e-05
3.79117563e-05 3.42792301e-05
3.73064578e-05 3.24295266e-05
4.29504071e-05 4.18777161e-05
4.42546566e-05 4.04834052e-05
4.23549039e-05 3.71391510e-05
2.07863864e-05 1.88777976e-05
2.02399507e-05 2.00480480e-05
5.80991521e-05 5.65924575e-05
5.37534829e-05 4.91603040e-05
1.22944705e-04 1.23132423e-04
1.48203969e-04 1.43966250e-04
1.72250291e-04 1.63379815e-04
1.94091036e-04 1.81313198e-04
2.11809668e-04 1.96529613e-04
2.22586575e-04 2.06385618e-04
2.23532993e-04 2.07762474e-04
2.12865038e-04 1.98484425e-04
1.90793729e-04 1.78377551e-04
1.59744652e-04 1.49535741e-04
1.23854527e-04 1.15796799e-04
8.79583564e-05 8.17061204e-05
5.64260337e-05 5.13647676e-05
3.22157863e-05 2.75448808e-05
2.02158566e-05 1.92784575e-05
7.33641973e-05 6.27740241e-05
7.60149467e-05 6.64394589e-05
7.49852567e-05 6.66943986e-05
7.00719798e-05 6.32918529e-05
6.16312241e-05 5.64884076e-05
5.05202585e-05 4.69965876e-05
3.79262369e-05 3.58385404e-05
2.51411142e-05 2.41569032e-05
4.90022641e-05 4.81758306e-05
3.46086142e-05 3.36376949e-05
2.49278535e-05 2.29584868e-05
2.66927812e-05 2.40263231e-05
2.75813586e-05 2.58634904e-05
2.71844894e-05 2.61800954e-05
2.58550544e-05 2.50719084e-05
2.40780895e-05 2.26412143e-05
5.98883774e-05 5.68997095e-05
1.30248754e-04 1.20658931e-04
2.26258557e-04 2.09669770e-04
3.40895163e-04 3.18062146e-04
4.60695074e-04 4.33895862e-04
5.68059050e-04 5.41196555e-04
6.45135422e-04 6.23432959e-04
6.78207336e-04 6.67471182e-04
3.22262701e-05 2.80405309e-05
3.38210099e-05 3.12555192e-05
3.49617649e-05 3.34943814e-05
3.61108290e-05 3.45105187e-05
3.73821461e-05 3.40588874e-05
2.55895381e-05 2.38185617e-05
3.12615154e-05 2.78727722e-05
3.50295128e-05 3.08909120e-05
3.62707885e-05 3.23187513e-05
3.48576920e-05 3.20057496e-05
3.11326901e-05 3.01896481e-05
1.85010969e-05 1.84045794e-05
2.27411423e-05 2.14586800e-05
2.59342072e-05 2.49801745e-05
2.58410420e-05 2.22382023e-05
2.71018485e-05 2.41986944e-05
2.76245539e-05 2.54937396e-05
2.70056351e-05 2.56335581e-05
2.50290667e-05 2.43265441e-05
2.19028244e-05 2.16548606e-05
1.83470215e-05 1.81257234e-05
4.69966158e-05 4.06597385e-05
7.13465225e-05 6.39763182e-05
9.93151366e-05 9.07313021e-05
1.30381881e-04 1.20373468e-04
1.62353821e-04 1.50856747e-04
1.91045803e-04 1.78227302e-04
2.10891621e-04 1.97117683e-04
2.16468194e-04 2.02224734e-04
2.04609329e-04 1.90429867e-04
1.76231911e-04 1.62633200e-04
1.36810394e-04 1.24226261e-04
9.49205381e-05 8.36536542e-05
2.68971115e-05 2.66947368e-05
2.62146079e-05 2.42800399e-05
8.33436343e-05 7.99556761e-05
1.19658896e-04 1.04557500e-04
8.19324280e-05 7.69566727e-05
2.57570056e-05 2.40680493e-05
1.55929809e-04 1.35122412e-04
1.14306598e-04 1.03409749e-04
2.70269831e-04 2.65086343e-04
3.12231947e-04 2.87053051e-04
1.31650010e-03 1.22244018e-03
3.76561912e-03 3.52950774e-03
7.89167663e-03 7.41944870e-03
1.36984481e-02 1.28962606e-02
2.07809263e-02 1.95781662e-02
2.83242215e-02 2.66961684e-02
3.52353605e-02 3.32184450e-02
4.03774169e-02 3.80714801e-02
4.28422213e-02 4.03976779e-02
4.21806672e-02 3.97729337e-02
3.85193289e-02 3.63168003e-02
3.25266672e-02 3.06605527e-02
2.52396728e-02 2.37834151e-02
1.78054824e-02 1.67684931e-02
1.12169194e-02 1.05530162e-02
6.11819781e-03 5.74493120e-03
2.73024873e-03 2.55265505e-03
9.10889828e-04 8.43291032e-04
3.20997993e-04 3.03624976e-04
2.02043343e-04 1.96389740e-04
6.99703221e-05 6.10296915e-05
1.25568661e-04 1.13377663e-04
1.27312442e-04 1.20307639e-04
4.88846115e-05 4.79102188e-05
8.13680475e-05 7.03334033e-05
3.03958780e-05 2.67497857e-05
2.56338877e-05 2.36536822e-05
2.84532639e-05 2.46660463e-05
2.97339338e-05 2.76486425e-05
3.59467411e-05 3.19403438e-05
2.65498554e-05 2.46918971e-05
5.72237298e-05 5.15119946e-05
8.92395079e-05 8.66260622e-05
4.44261587e-05 4.39245596e-05
7.50836680e-05 7.06734531e-05
2.25868030e-05 2.23640255e-05
2.18652242e-05 2.14193091e-05
2.01327035e-05 1.98330051e-05
3.18137297e-05 2.74825520e-05
3.16905905e-05 2.81196413e-05
2.91667867e-05 2.64165299e-05
2.50701695e-05 2.25781040e-05
6.08361047e-05 5.26536589e-05
6.02442643e-05 5.33963415e-05
5.65141820e-05 5.10707941e-05
4.99242833e-05 4.60205109e-05
4.11645409e-05 3.89787434e-05
3.12717956e-05 3.09179887e-05
2.02130588e-05 2.00814153e-05
4.70325750e-05 4.53433450e-05
4.43178731e-05 4.29996193e-05
4.83587004e-05 4.70164565e-05
1.04160102e-04 1.02051900e-04
1.84802986e-04 1.80339180e-04
2.85390188e-04 2.76901464e-04
3.94697244e-04 3.81006593e-04
4.97008414e-04 4.77855546e-04
5.75513079e-04 5.51738636e-04
6.16348352e-04 5.89793194e-04
6.12093936e-04 5.85250852e-04
5.63652069e-04 5.39176462e-04
4.79943259e-04 4.60158466e-04
3.75540763e-04 3.62055943e-04
2.67005277e-04 2.60512605e-04
1.69040973e-04 1.69301241e-04
4.31467147e-05 3.84243133e-05
5.24391661e-05 4.92260394e-05
5.86841448e-05 5.77770363e-05
2.66001306e-05 2.65222590e-05
2.29847849e-05 2.09368490e-05
2.68443333e-05 2.32398576e-05
2.37799939e-05 2.31959131e-05
3.36071623e-05 3.31539169e-05
3.20071298e-05 3.05223646e-05
2.83986401e-05 2.64466129e-05
2.36675818e-05 2.15791421e-05
2.67790353e-05 2.50928351e-05
3.49950736e-05 3.42982187e-05
4.21979090e-05 4.20556245e-05
4.72130224e-05 4.71342133e-05
4.93401653e-05 4.88890305e-05
4.84140927e-05 4.73527213e-05
4.47187692e-05 4.31387643e-05
3.88309276e-05 3.72059833e-05
3.14739100e-05 3.05773347e-05
2.48776615e-05 2.33601852e-05
2.15325815e-05 2.01907026e-05
2.27908643e-04 2.23377535e-04
8.47382724e-04 8.24674563e-04
1.98368765e-03 1.93695879e-03
3.67948236e-03 3.60188436e-03
5.85264297e-03 5.74008222e-03
8.28150667e-03 8.13463875e-03
1.06340207e-02 1.04590411e-02
1.25348479e-02 1.23428897e-02
1.36531731e-02 1.34584173e-02
1.37856852e-02 1.36026698e-02
1.29092745e-02 1.27501346e-02
1.11868761e-02 1.10592657e-02
8.92465537e-03 8.83087459e-03
6.49413109e-03 6.43159478e-03
4.24338901e-03 4.20616300e-03
2.42366876e-03 2.40451617e-03
1.15104229e-03 1.14336728e-03
4.11438487e-04 4.10758841e-04
3.37807922e-05 3.14687462e-05
5.79245334e-05 5.58869812e-05
4.74406267e-05 4.28801889e-05
1.99186290e-05 1.86856619e-05
2.26146138e-05 2.17775353e-05
2.45775656e-05 2.36886363e-05
2.53553788e-05 2.39141276e-05
2.45475178e-05 2.21588481e-05
2.08725032e-05 2.06494908e-05
7.15348477e-05 6.13295668e-05
5.79237235e-05 4.99440729e-05
4.29673489e-05 3.70221778e-05
4.73193227e-05 4.59152482e-05
6.86157012e-05 6.47192798e-05
9.01162105e-05 8.40781322e-05
1.08665303e-04 1.00906368e-04
1.21222008e-04 1.12196883e-04
1.25573629e-04 1.15776682e-04
1.20895670e-04 1.10890527e-04
1.07970235e-04 9.84147909e-05
8.89816032e-05 8.06180293e-05
6.69474632e-05 6.05405896e-05
4.49675962e-05 4.12064055e-05
2.55340330e-05 2.49646626e-05
2.59959092e-05 2.37006729e-05
2.94805913e-05 2.76731883e-05
4.64198831e-04 4.05329383e-04
5.16165698e-04 4.63031590e-04
5.36894135e-04 4.93112188e-04
5.21433508e-04 4.89499024e-04
4.71266465e-04 4.52138438e-04
3.94153575e-04 3.87101626e-04
1.97978365e-05 1.95908732e-05
9.36813700e-05 8.11383307e-05
6.94529772e-05 6.37618575e-05
5.74337303e-05 5.64922205e-05
3.94732393e-05 3.72455130e-05
2.48182725e-05 2.26953601e-05
3.59084468e-05 3.08720778e-05
3.79805756e-05 3.41297118e-05
3.81938528e-05 3.52260026e-05
3.62458659e-05 3.41633927e-05
3.22111174e-05 3.13094766e-05
3.36116546e-05 3.03022015e-05
1.02597004e-04 9.82171391e-05
2.19102324e-04 2.10521791e-04
3.82975221e-04 3.66601810e-04
5.82272205e-04 5.54999294e-04
7.93472308e-04 7.53567348e-04
9.85426041e-04 9.33129642e-04
1.12614354e-03 1.06378456e-03
1.19055430e-03 1.12213590e-03
1.16691012e-03 1.09729142e-03
1.05983188e-03 9.93754241e-04
8.89036275e-04 8.30278142e-04
6.84159756e-04 6.35039889e-04
4.77327296e-04 4.38643230e-04
2.95757982e-04 2.67100131e-04
1.56559576e-04 1.36846645e-04
4.63874614e-05 4.35028987e-05
5.76011468e-05 4.98970025e-05
2.67912086e-05 2.47200047e-05
5.01671279e-05 4.62310213e-05
8.37148200e-05 7.70880335e-05
1.25505553e-04 1.15111343e-04
1.70911031e-04 1.55843127e-04
2.13357069e-04 1.93257687e-04
2.45746045e-04 2.21044280e-04
2.62178975e-04 2.34120190e-04
2.59468588e-04 2.29926422e-04
2.37975897e-04 2.09103969e-04
2.01511039e-04 1.75335220e-04
1.56339514e-04 1.34399767e-04
3.34699713e-05 3.23698476e-05
4.28400677e-05 3.81303991e-05
3.28776036e-05 2.92569661e-05
5.31834705e-05 5.30792851e-05
6.29364181e-05 6.07105227e-05
6.87823399e-05 6.46298808e-05
6.97726543e-05 6.41500493e-05
6.58893805e-05 5.93124683e-05
5.80154849e-05 5.08724374e-05
2.29781730e-05 2.27886891e-05
3.21798478e-05 3.18517094e-05
4.08411744e-05 4.04643353e-05
4.77083997e-05 4.72404334e-05
5.17224967e-05 5.10185886e-05
5.22997516e-05 5.11394416e-05
4.94939472e-05 4.75980342e-05
4.39845834e-05 4.10298403e-05
3.68912153e-05 3.25403375e-05
5.59846024e-05 5.56020081e-05
1.32750771e-04 1.20966841e-04
2.48374059e-04 2.20167274e-04
3.97810559e-04 3.48702095e-04
5.66250661e-04 4.93635217e-04
7.30979815e-04 6.35185574e-04
8.65920843e-04 7.50673461e-04
9.47702620e-04 8.19811078e-04
9.61496458e-04 8.29798585e-04
9.04835827e-04 7.78659806e-04
7.88227908e-04 6.75766291e-04
2.85720480e-05 2.54792824e-05
2.35652215e-05 2.09792906e-05
3.11946112e-05 2.68656099e-05
2.48130716e-05 2.21778515e-05
1.92015763e-05 1.80001618e-05
2.89703314e-05 2.73800756e-05
4.29853002e-05 4.10111989e-05
5.85302966e-05 5.57814702e-05
7.32366202e-05 6.94960698e-05
8.45239720e-05 7.99327617e-05
9.02582996e-05 8.52848134e-05
8.93086689e-05 8.45893822e-05
8.18379596e-05 7.79725814e-05
6.92377522e-05 6.66209049e-05
5.37324102e-05 5.24840369e-05
3.77859613e-05 3.78034205e-05
4.50910718e-05 3.88093209e-05
3.40147617e-05 3.26573408e-05
2.44422383e-05 2.45129530e-05
3.45982770e-05 3.24162040e-05
4.50876960e-05 4.05694443e-05
5.43529590e-05 4.75385128e-05
6.07923254e-05 5.19940719e-05
3.33594723e-05 2.93418762e-05
2.23757227e-05 2.17521762e-05
3.80193574e-05 3.45297220e-05
5.74737688e-05 4.96318127e-05
2.12144456e-05 2.09503820e-05
2.33413963e-05 2.06657872e-05
2.36253736e-05 2.07702027e-05
5.67154814e-05 4.87309428e-05
8.85786218e-05 7.89824268e-05
1.12510031e-04 1.04192339e-04
1.32076698e-04 1.24501964e-04
1.43781172e-04 1.36618562e-04
1.45377113e-04 1.38559486e-04
1.36469005e-04 1.30126898e-04
1.18620430e-04 1.12953338e-04
9.49379333e-05 9.01081116e-05
6.92683302e-05 6.53939787e-05
4.52662301e-05 4.25783606e-05
2.56159539e-05 2.48947733e-05
3.38409984e-05 3.11181656e-05
3.39048326e-04 3.38977531e-04
5.28776063e-04 5.23453516e-04
7.37619813e-04 7.25358360e-04
9.36557353e-04 9.16556284e-04
1.09359067e-03 1.06618526e-03
1.18125333e-03 1.14794160e-03
1.18350321e-03 1.14672601e-03
1.09988418e-03 1.06259775e-03
9.45647661e-04 9.10783952e-04
7.47796484e-04 7.17738466e-04
5.38300172e-04 5.14494793e-04
3.46580472e-04 3.29366829e-04
1.93506171e-04 1.82148501e-04
8.86437740e-05 8.13826547e-05
2.23651534e-05 2.20057724e-05
2.67518968e-05 2.49474739e-05
2.94377702e-05 2.67642047e-05
2.98536808e-05 2.71490635e-05
2.78085182e-05 2.60308035e-05
2.35803947e-05 2.36010205e-05
2.45485256e-05 2.27866965e-05
2.40865369e-05 2.22375020e-05
3.63202577e-05 3.20607117e-05
4.29269967e-05 3.99074400e-05
4.79563049e-05 4.66615266e-05
5.75225120e-05 5.57825107e-05
6.06469582e-05 5.56150827e-05
6.49772631e-05 5.58296635e-05
2.13779337e-05 1.88798226e-05
2.32343726e-05 2.12698836e-05
2.69400356e-05 2.51439757e-05
3.12050297e-05 2.94291073e-05
3.50064771e-05 3.30905473e-05
3.75281086e-05 3.53482499e-05
3.82835095e-05 3.58241390e-05
3.71857542e-05 3.45535103e-05
3.44854198e-05 3.18727931e-05
3.06103042e-05 2.82437184e-05
2.59993560e-05 2.41050604e-05
2.11129054e-05 1.99147616e-05
3.71074718e-05 3.63115871e-05
3.05268755e-05 2.76125209e-05
4.57128091e-05 4.19162835e-05
4.39784919e-05 4.26054885e-05
3.98059272e-05 3.99501037e-05
2.05389411e-05 1.94939392e-05
3.99410221e-05 3.64036521e-05
4.19150255e-05 4.00984420e-05
4.41854554e-05 4.43429232e-05
5.87759794e-05 5.83783651e-05
7.15099367e-05 7.07383883e-05
8.03075792e-05 7.92544993e-05
8.37524575e-05 8.23423859e-05
8.14569386e-05 7.94305225e-05
7.41293631e-05 7.11038127e-05
6.33260992e-05 5.89086026e-05
5.09826285e-05 4.48940974e-05
7.54426308e-05 7.29695484e-05
2.32234734e-05 2.13775863e-05
2.36954538e-05 2.02945437e-05
1.93292488e-05 1.92138608e-05
2.05170707e-05 1.79814382e-05
2.10987041e-05 1.85570329e-05
3.13239418e-05 3.13156274e-05
2.21627387e-05 2.10097906e-05
1.97985886e-05 1.95362999e-05
4.03534326e-05 3.46748849e-05
3.03141291e-05 2.61261238e-05
2.55607595e-05 2.28640552e-05
2.13393258e-05 2.00165496e-05
2.22578787e-05 1.99139612e-05
3.40793635e-05 3.11314110e-05
2.97201885e-05 2.76409127e-05
2.01886117e-05 1.85208878e-05
2.99881821e-05 2.70693440e-05
2.59212373e-05 2.48849827e-05
2.36908962e-05 2.27524692e-05
3.08931035e-05 2.76389144e-05
3.26420741e-05 3.00193941e-05
3.62626921e-05 3.34173889e-05
5.16392115e-05 4.43360058e-05
2.14492030e-05 1.88900633e-05
2.22793047e-05 1.97963796e-05
2.29498595e-05 2.12214202e-05
2.20126900e-05 2.13027510e-05
2.54643715e-05 2.45288578e-05
2.39333040e-05 2.17748113e-05
2.14012220e-05 1.83420261e-05
2.00044448e-05 1.87372031e-05
1.99080192e-05 1.98268666e-05
1.87810680e-05 1.80026263e-05
2.17223878e-05 1.91850327e-05
2.75003922e-05 2.64502940e-05
2.68152490e-05 2.38689674e-05
2.63726605e-05 2.49567459e-05
1.86946974e-05 1.86870620e-05
1.98548162e-05 1.99197627e-05
3.73143040e-05 3.72844909e-05
2.05588342e-05 1.98069985e-05
8.93265558e-05 8.09908066e-05
1.44960113e-04 1.38641435e-04
2.00056626e-04 1.99342140e-04
1.20629688e-04 1.20026470e-04
7.95728147e-05 7.53146386e-05
4.82116659e-05 4.19240408e-05
1.96910731e-05 1.97242780e-05
1.86693210e-05 1.84383042e-05
2.44913614e-05 2.11681515e-05
2.03564051e-05 1.85761752e-05
2.08369692e-05 1.79782147e-05
1.93755149e-05 1.87890454e-05
2.29597632e-05 2.17672413e-05
6.30916891e-05 5.52340862e-05
8.07987186e-05 7.45082249e-05
9.55204041e-05 9.21044477e-05
1.04348101e-04 1.04512275e-04
2.26934158e-04 2.27368428e-04
1.90756987e-04 1.89781216e-04
1.50670570e-04 1.48773012e-04
1.12971202e-04 1.10726786e-04
8.28644049e-05 8.07081812e-05
6.31586113e-05 6.13186329e-05
5.39178662e-05 5.24031705e-05
5.31777801e-05 5.17970714e-05
5.76824344e-05 5.63569762e-05
6.35062121e-05 6.25642550e-05
6.71872892e-05 6.72432548e-05
4.10230563e-05 3.51907472e-05
5.96790428e-05 5.33109107e-05
7.88433952e-05 7.17101804e-05
9.57213459e-05 8.80034393e-05
1.07526096e-04 9.99219431e-05
1.12122109e-04 1.05721915e-04
1.08549502e-04 1.04508881e-04
9.72800471e-05 9.64386486e-05
2.30540888e-05 2.22707674e-05
2.15375564e-05 1.96791566e-05
6.91399557e-05 6.16441589e-05
3.45728612e-05 3.22338767e-05
3.23998863e-05 3.15813969e-05
5.11222868e-05 4.43239342e-05
3.11144935e-05 2.74052986e-05
2.89637844e-05 2.74253135e-05
2.54054583e-05 2.43787435e-05
3.11364024e-05 2.68218830e-05
2.63497812e-05 2.31541122e-05
3.09053365e-05 2.73275520e-05
3.30618069e-05 2.93379054e-05
3.25414518e-05 2.87752408e-05
2.96708175e-05 2.59106363e-05
5.29149259e-05 4.63591976e-05
1.94073415e-05 1.84868589e-05
2.85708478e-05 2.81109061e-05
4.01346394e-05 3.86950685e-05
5.20556987e-05 4.78539763e-05
6.19909110e-05 5.42875942e-05
4.82476524e-05 4.20242500e-05
3.49339547e-05 3.20680148e-05
2.30812166e-05 2.21591745e-05
5.41500548e-05 4.91607245e-05
7.11441768e-05 6.42131480e-05
2.02528441e-05 1.97347781e-05
2.28177045e-05 2.11728319e-05
2.14734052e-04 1.93509896e-04
1.99486649e-04 1.84440651e-04
1.74306798e-04 1.62141985e-04
1.41929328e-04 1.30680488e-04
1.06827739e-04 9.54344321e-05
5.01816217e-05 4.73019457e-05
1.91836087e-05 1.80205497e-05
2.90906069e-05 2.89456911e-05
3.22998516e-05 3.09573804e-05
3.40542218e-05 3.21455516e-05
3.34564577e-05 3.19981624e-05
3.04223565e-05 3.01761199e-05
2.34656685e-05 2.14189830e-05
2.89604287e-05 2.68295873e-05
2.58596451e-05 2.24892324e-05
3.12641278e-05 2.87608955e-05
3.51506251e-05 3.42585176e-05
2.72181463e-05 2.66049365e-05
2.38378115e-05 2.14386300e-05
4.99123719e-05 4.94404564e-05
4.92479798e-05 4.58545092e-05
4.58583934e-05 3.95238820e-05
2.42020562e-05 2.40101907e-05
3.39463880e-05 3.03783586e-05
4.40904290e-05 3.78230789e-05
5.97208851e-05 5.12205512e-05
5.72540261e-05 4.93366504e-05
5.10470158e-05 4.41179298e-05
4.19690812e-05 3.64151295e-05
3.13272556e-05 2.74611621e-05
2.10908318e-05 1.85743076e-05
2.80771874e-05 2.40506932e-05
2.98958590e-05 2.64964054e-05
2.94669604e-05 2.66144870e-05
2.67717386e-05 2.42204661e-05
2.21714256e-05 1.96874431e-05
2.05730349e-05 1.85948992e-05
1.36004632e-04 1.36230148e-04
1.07291203e-04 1.06276870e-04
7.71623752e-05 7.50247597e-05
4.99697753e-05 4.69272497e-05
2.89154778e-05 2.52217470e-05
3.63702745e-05 3.16997006e-05
2.05492943e-05 1.90848460e-05
2.96791681e-05 2.86905183e-05
3.95920014e-05 3.91560388e-05
4.88140862e-05 4.89758462e-05
3.00476311e-05 2.77515125e-05
7.47010113e-05 6.40261569e-05
2.16042510e-05 2.14511057e-05
2.08954316e-05 2.00717637e-05
1.95353105e-05 1.80040756e-05
4.55788660e-05 3.92489725e-05
4.68980666e-05 4.14588045e-05
4.53967783e-05 4.21055221e-05
4.12497089e-05 4.12574257e-05
1.98843437e-05 1.88388758e-05
2.11984291e-05 1.83927845e-05
2.08523910e-05 1.93081457e-05
2.20810857e-05 2.14268850e-05
2.18754931e-05 1.98771802e-05
3.66558904e-05 3.48890780e-05
5.32639598e-05 4.88966945e-05
7.01899347e-05 6.33411634e-05
8.47791732e-05 7.59160187e-05
9.46060771e-05 8.44883890e-05
9.80239658e-05 8.75822233e-05
9.45588655e-05 8.47402274e-05
8.50181071e-05 7.66327187e-05
7.12753107e-05 6.48720042e-05
5.57883931e-05 5.15917647e-05
4.09811855e-05 3.89190302e-05
2.86541549e-05 2.84637891e-05
2.58603930e-05 2.48689729e-05
2.46796812e-05 2.22789870e-05
2.17471813e-05 1.90177871e-05
1.85715972e-05 1.83175606e-05
5.73667083e-05 5.13772460e-05
9.21888627e-05 8.69151458e-05
1.33394646e-04 1.27728702e-04
1.75660238e-04 1.68499323e-04
2.12325515e-04 2.02889196e-04
2.36904417e-04 2.25025881e-04
2.44728810e-04 2.30992218e-04
2.34225458e-04 2.19849335e-04
2.07407649e-04 1.93863811e-04
1.69406610e-04 1.57873249e-04
1.27209388e-04 1.18007530e-04
8.81350870e-05 8.01798991e-05
1.89590733e-04 1.70010023e-04
2.12611209e-04 2.01628657e-04
2.24086467e-04 2.20626991e-04
2.27604271e-05 2.27148123e-05
2.02785737e-05 1.96363629e-05
3.84824807e-05 3.63882339e-05
4.47692229e-04 4.48341353e-04
5.43709448e-04 5.27702623e-04
6.00288573e-04 5.73356891e-04
6.08827269e-04 5.77059689e-04
5.69628386e-04 5.38286807e-04
4.91574557e-04 4.64330468e-04
3.89694896e-04 3.68354820e-04
2.81338720e-04 2.66034569e-04
1.82107176e-04 1.71821856e-04
1.02713272e-04 9.59408519e-05
4.75771758e-05 4.28952115e-05
5.14720095e-05 5.10640567e-05
4.44184067e-05 4.25195546e-05
3.59052197e-05 3.25942147e-05
2.23709040e-05 1.95313540e-05
3.22850093e-05 3.17536113e-05
5.91614903e-05 5.70966876e-05
6.46007115e-05 5.99314764e-05
6.54172599e-05 5.87677028e-05
6.14558595e-05 5.37442577e-05
5.35517920e-05 4.58607819e-05
3.26793832e-05 2.82582046e-05
2.33438268e-05 2.17484851e-05
2.18807467e-05 1.96875967e-05
2.44826453e-05 2.22314455e-05
2.56808979e-05 2.48934276e-05
2.40611395e-05 2.23408859e-05
1.19798729e-04 1.03042003e-04
1.56884740e-04 1.36414119e-04
1.87373118e-04 1.63261896e-04
2.06223465e-04 1.78792146e-04
2.10328214e-04 1.80334598e-04
4.18586001e-05 3.61889373e-05
2.62904429e-05 2.62595651e-05
2.85983763e-05 2.66298931e-05
1.02500102e-04 1.02727903e-04
1.23972915e-04 1.17409352e-04
1.37910201e-04 1.25023945e-04
1.42000133e-04 1.23945645e-04
5.31579675e-05 4.65177435e-05
1.08863635e-04 1.03463715e-04
1.85500019e-04 1.82292881e-04
2.77375549e-04 2.76723762e-04
4.91757541e-04 4.93276770e-04
4.13907473e-04 4.13587135e-04
3.20091735e-04 3.18206671e-04
2.24617311e-04 2.21818629e-04
1.39951362e-04 1.37086623e-04
7.43272410e-05 7.21672304e-05
3.07509590e-05 2.95300940e-05
2.49014576e-05 2.27756155e-05
7.08428521e-05 6.48301781e-05
1.43137611e-04 1.32374529e-04
2.39941583e-04 2.23606555e-04
3.52776226e-04 3.30259043e-04
4.67326947e-04 4.38562928e-04
5.66122274e-04 5.31902964e-04
6.32442797e-04 5.94539373e-04
6.54409495e-04 6.15409432e-04
6.28043049e-04 5.90908395e-04
5.58329022e-04 5.25797445e-04
4.57925297e-04 4.31943985e-04
3.43902180e-04 3.25277732e-04
2.33533314e-04 2.21900192e-04
1.40421772e-04 1.34514260e-04
7.20565053e-05 7.01677201e-05
3.88003157e-05 3.72301285e-05
2.99582550e-05 2.87876306e-05
4.46311935e-05 4.02198778e-05
5.98682129e-05 5.15960200e-05
2.12887464e-05 1.86025588e-05
2.15394802e-05 1.93592031e-05
4.68770291e-05 4.02103316e-05
5.51132483e-05 4.89691694e-05
6.12816222e-05 5.55213930e-05
6.40637655e-05 5.85595309e-05
6.23704632e-05 5.73000741e-05
5.58923332e-05 5.17528956e-05
4.54501008e-05 4.27710221e-05
3.29467011e-05 3.18432107e-05
2.09418959e-05 2.06925858e-05
2.95769504e-05 2.78038494e-05
4.48835413e-05 4.00676943e-05
5.88741869e-05 5.17362680e-05
6.90471992e-05 6.08927347e-05
7.38737126e-05 6.60498625e-05
7.31496607e-05 6.64902709e-05
6.78399171e-05 6.23788630e-05
5.95466353e-05 5.46389224e-05
4.98985297e-05 4.46601854e-05
2.74146291e-04 2.39189511e-04
1.57170686e-04 1.54286822e-04
4.86933899e-05 4.68041525e-05
2.35678909e-05 2.18307268e-05
1.93138955e-04 1.90802695e-04
3.34250964e-04 3.26919976e-04
5.02773334e-04 4.92459220e-04
6.77974068e-04 6.67840417e-04
8.34441687e-04 8.27405755e-04
9.47450664e-04 9.44885695e-04
9.98444256e-04 9.99644656e-04
9.79166143e-04 9.81858172e-04
8.93390930e-04 8.95031057e-04
7.55879363e-04 7.55067200e-04
5.88914252e-04 5.86179682e-04
4.17358850e-04 4.14908972e-04
2.63488316e-04 2.64056516e-04
1.70486506e-04 1.49137798e-04
1.50275317e-04 1.39612365e-04
3.27575679e-05 3.04579979e-05
2.09405124e-05 1.83128740e-05
5.04471938e-05 4.60036354e-05
2.07894436e-04 1.80398373e-04
2.18062434e-04 1.94092920e-04
2.13658397e-04 1.91726928e-04
1.95632574e-04 1.74391736e-04
1.66929004e-04 1.45782132e-04
2.25333312e-05 1.93080355e-05
2.39064809e-05 2.32652645e-05
2.60360386e-05 2.24158607e-05
2.95015626e-05 2.64259355e-05
3.10952224e-05 2.85441892e-05
3.01085941e-05 2.83949914e-05
2.61150621e-05 2.57541090e-05
3.93683625e-05 3.57788376e-05
2.68518562e-05 2.63856551e-05
3.54636903e-05 3.13990759e-05
9.86485549e-05 8.50935895e-05
6.96920455e-05 6.99240571e-05
2.18240699e-05 1.97993482e-05
3.36767117e-05 2.95815382e-05
3.66920123e-05 3.22558445e-05
2.75628389e-05 2.53714465e-05
2.47035660e-05 2.26501967e-05
2.92198985e-05 2.54359003e-05
6.74189410e-05 5.92668270e-05
6.79193464e-05 6.44645675e-05
4.60577626e-05 4.49584325e-05
4.63011345e-05 4.46894472e-05
4.24982148e-05 4.14951936e-05
3.53411356e-05 3.54025582e-05
6.55915070e-05 6.51659875e-05
6.78967597e-05 6.37042034e-05
6.57196334e-05 5.80803388e-05
3.08863936e-05 2.82738083e-05
1.85905761e-04 1.64459479e-04
2.10162090e-05 2.10851866e-05
2.21435386e-05 2.19999046e-05
1.92430881e-05 1.80863848e-05
2.56901567e-05 2.26491958e-05
3.49449327e-05 3.03008848e-05
4.21488623e-05 3.66726164e-05
4.62396774e-05 4.06228221e-05
4.68876360e-05 4.14489923e-05
4.44305440e-05 3.90431250e-05
3.96405677e-05 3.38882194e-05
3.98197723e-05 3.50039509e-05
4.91928461e-05 4.36940322e-05
5.69445098e-05 4.98972315e-05
3.14560317e-05 2.83609440e-05
2.12413724e-05 1.90730797e-05
3.14038214e-05 2.95190764e-05
2.45924428e-05 2.30039982e-05
2.72104335e-05 2.42371160e-05
3.72418017e-05 3.37660801e-05
4.75674245e-05 4.40580807e-05
5.65279274e-05 5.34144103e-05
6.24943866e-05 6.01488981e-05
6.42984382e-05 6.29603598e-05
6.15633035e-05 6.12582979e-05
2.62078041e-05 2.49181143e-05
3.12995254e-05 2.72979700e-05
5.78272812e-05 5.36280448e-05
7.49490908e-05 7.28236578e-05
9.19767689e-05 9.12528436e-05
1.06885152e-04 1.06951234e-04
1.17667682e-04 1.17814949e-04
1.22307918e-04 1.21928166e-04
1.19546614e-04 1.18328060e-04
1.09253541e-04 1.07313998e-04
9.23702880e-05 9.03009614e-05
7.08770582e-05 6.95814295e-05
8.59649222e-05 7.55092269e-05
6.35763247e-05 5.81298028e-05
4.21956005e-05 4.08249616e-05
2.02181507e-05 1.94446046e-05
1.98621523e-05 1.90054728e-05
2.64572220e-05 2.50358872e-05
7.41033136e-05 7.04395658e-05
1.40857397e-03 1.25831547e-03
1.77836708e-03 1.63245337e-03
2.08634890e-03 1.94712135e-03
2.27881948e-03 2.14898334e-03
2.31939039e-03 2.20194471e-03
2.19851168e-03 2.09636927e-03
1.93616448e-03 1.85155813e-03
1.57683260e-03 1.51072405e-03
1.17831761e-03 1.13004954e-03
7.97862984e-04 7.65205506e-04
4.79740570e-04 4.59315592e-04
2.47733325e-04 2.35613534e-04
1.04185542e-04 9.62829669e-05
6.11565415e-05 5.40661986e-05
7.01275305e-05 6.50319570e-05
7.45534578e-05 7.17562809e-05
7.36880474e-05 7.30102609e-05
3.38990728e-05 3.36139956e-05
2.33819063e-05 2.15078725e-05
6.03807465e-05 5.51304467e-05
9.40384641e-05 8.87792807e-05
1.31082893e-04 1.25758504e-04
1.66280217e-04 1.61033816e-04
1.93949252e-04 1.89022287e-04
2.09287171e-04 2.04924620e-04
2.09554925e-04 2.05944635e-04
1.94758984e-04 1.92008872e-04
1.67620773e-04 1.65758814e-04
1.32848624e-04 1.31829075e-04
9.59428584e-05 9.56567415e-05
4.83904321e-05 4.84600923e-05
7.51871143e-05 7.13947299e-05
1.04324611e-04 9.54562672e-05
1.31297627e-04 1.17003285e-04
1.51431809e-04 1.32340197e-04
1.61069171e-04 1.38664204e-04
3.59928561e-05 3.22155517e-05
4.49678027e-04 4.21702602e-04
1.09350026e-03 1.04564400e-03
2.08815843e-03 2.00994003e-03
3.40238032e-03 3.28440221e-03
4.91776350e-03 4.75423327e-03
6.44026255e-03 6.23118705e-03
7.73671087e-03 7.48904039e-03
8.58752501e-03 8.31476613e-03
8.84067444e-03 8.56091577e-03
8.45060487e-03 8.18337421e-03
7.48998795e-03 7.25272305e-03
6.13061713e-03 5.93565779e-03
4.59951961e-03 4.45236881e-03
3.12394331e-03 3.02315476e-03
1.88168830e-03 1.82024960e-03
9.70530811e-04 9.38180347e-04
4.03778144e-04 3.89399559e-04
1.32049729e-04 1.25042588e-04
6.16519147e-05 5.49871656e-05
2.05553540e-05 2.03765771e-05
8.83612393e-05 7.65289342e-05
1.49880042e-04 1.37037362e-04
2.23415871e-04 2.10003203e-04
3.00041752e-04 2.86509486e-04
3.68266568e-04 3.55084739e-04
4.16616845e-04 4.04275928e-04
4.36471557e-04 4.25452688e-04
4.24281241e-04 4.14990005e-04
3.82476041e-04 3.75153411e-04
3.18784950e-04 3.13425840e-04
2.44199303e-04 2.40516602e-04
1.70232680e-04 1.67698192e-04
1.06311169e-04 1.04285992e-04
5.80200818e-05 5.59665585e-05
2.65911998e-05 2.43724892e-05
2.94702782e-05 2.65541198e-05
4.72928285e-05 4.16446809e-05
6.73506000e-05 5.88557701e-05
8.69214617e-05 7.58397225e-05
1.02836456e-04 8.99074363e-05
1.12208456e-04 9.86400094e-05
1.13171352e-04 1.00474391e-04
1.05396854e-04 9.50948194e-05
9.02140945e-05 8.35154865e-05
7.02828843e-05 6.78303408e-05
1.85335252e-05 1.85843494e-05
1.99323465e-05 1.89065406e-05
2.00447045e-05 1.80905097e-05
2.33345119e-05 2.09101399e-05
3.38380526e-05 3.09253822e-05
2.00533506e-05 1.88473027e-05
3.01962588e-05 2.64323212e-05
4.28120830e-05 3.70810335e-05
8.65528212e-05 7.50895116e-05
1.46749911e-04 1.27962926e-04
2.18810571e-04 1.91152927e-04
2.94059149e-04 2.56796223e-04
3.61234209e-04 3.15009228e-04
4.08973620e-04 3.56036480e-04
4.28601552e-04 3.72610066e-04
4.16376926e-04 3.61799734e-04
3.74495202e-04 3.25770998e-04
3.10520729e-04 2.71206021e-04
2.35430235e-04 2.07568228e-04
1.60887780e-04 1.44755824e-04
9.65924724e-05 9.08631309e-05
2.10627750e-05 1.82376435e-05
2.64050411e-05 2.48948549e-05
3.10663274e-05 3.05443001e-05
3.48889992e-05 2.98321454e-05
4.97699065e-05 4.78551317e-05
6.43303596e-05 6.43283156e-05
7.85924969e-05 7.87925054e-05
6.77579723e-05 6.79551964e-05
2.44887774e-05 2.30149017e-05
4.20104856e-05 3.98141727e-05
2.55658472e-05 2.19884108e-05
6.46346924e-05 5.53466555e-05
5.72545585e-05 4.95716332e-05
4.66491210e-05 4.08747709e-05
3.47950055e-05 3.07675770e-05
2.36655144e-05 2.07628135e-05
2.45265955e-05 2.23834218e-05
2.95039313e-05 2.81531078e-05
3.27875324e-05 3.20437080e-05
3.38090510e-05 3.35206057e-05
3.24043499e-05 3.24851665e-05
2.99927757e-05 2.83569875e-05
4.27589721e-05 4.09482332e-05
5.51520051e-05 5.22833503e-05
6.50595297e-05 6.05038756e-05
7.08287663e-05 6.43762824e-05
7.16171362e-05 6.36001315e-05
6.75377510e-05 5.88040473e-05
5.95307335e-05 5.12413931e-05
4.89840233e-05 4.22968176e-05
3.72129940e-05 3.29705201e-05
2.49972471e-05 2.35293531e-05
1.77603825e-04 1.54296298e-04
1.07394525e-04 1.03107785e-04
9.96580778e-05 9.65372062e-05
1.47478718e-04 1.33713377e-04
1.78855592e-04 1.59057163e-04
1.92085308e-04 1.69122341e-04
1.87710182e-04 1.63834200e-04
1.68550156e-04 1.45665430e-04
7.59943563e-05 6.80370529e-05
2.57060425e-04 2.20315291e-04
1.42666231e-04 1.23157794e-04
3.02765972e-05 2.70642198e-05
4.04146362e-05 3.73707120e-05
4.94397045e-05 4.68860068e-05
5.74609382e-05 5.53080330e-05
6.34580204e-05 6.14261515e-05
6.50778535e-05 6.30859082e-05
5.95619958e-05 5.78523445e-05
4.52262319e-05 4.37682086e-05
1.78735624e-04 1.53812642e-04
1.51388446e-04 1.32250472e-04
1.25301649e-04 1.10576328e-04
4.43039750e-05 3.78799977e-05
4.01685868e-05 3.58156409e-05
3.27246798e-05 3.08344190e-05
4.28524194e-05 4.19102704e-05
1.09511034e-04 9.81147415e-05
2.10188723e-04 1.80966728e-04
6.66600542e-05 5.74878379e-05
2.29348078e-05 2.26605717e-05
6.10040328e-05 5.24063967e-05
9.65126342e-05 8.25672881e-05
1.64697904e-04 1.43196217e-04
1.13335064e-04 1.01635650e-04
6.66188435e-05 6.29589360e-05
2.85576441e-04 2.67915154e-04
3.00229108e-04 2.69922541e-04
2.80415545e-04 2.51748973e-04
2.38221289e-04 2.16698696e-04
1.85443135e-04 1.70935379e-04
1.32115003e-04 1.21979934e-04
8.54273393e-05 7.70286266e-05
2.43582058e-05 2.08791932e-05
2.84791235e-05 2.63346211e-05
3.08755151e-05 3.06407457e-05
2.50142308e-04 2.15933292e-04
2.75306997e-04 2.54657976e-04
2.89153946e-04 2.78216340e-04
2.86984645e-04 2.82164208e-04
2.67469895e-04 2.65607891e-04
2.32812553e-04 2.31442987e-04
1.88039464e-04 1.85599282e-04
1.39660177e-04 1.35538543e-04
9.40801196e-05 8.84835550e-05
5.62151597e-05 4.99325677e-05
2.33156367e-05 2.00149319e-05
2.25622910e-05 2.11887837e-05
2.85330246e-05 2.58908093e-05
3.33652193e-05 2.93863777e-05
3.60725605e-05 3.09949536e-05
2.49797465e-05 2.15187550e-05
3.07240403e-05 2.62691065e-05
3.02855677e-05 2.60425530e-05
2.76862182e-05 2.38832724e-05
2.33761110e-05 2.01742595e-05
3.90670882e-05 3.89598880e-05
3.53685566e-05 3.39003748e-05
2.95466758e-05 2.75518134e-05
2.26006054e-05 2.12671459e-05
2.57190988e-05 2.50734536e-05
3.55442557e-05 3.28197177e-05
4.44127154e-05 3.95225320e-05
5.11867702e-05 4.41532127e-05
2.49736980e-05 2.47361591e-05
3.01691013e-05 2.79203579e-05
3.41222529e-05 2.96612319e-05
5.21268488e-05 5.03396336e-05
5.66987743e-05 5.18249896e-05
5.72919946e-05 5.05657555e-05
5.38994701e-05 4.65347352e-05
2.46548658e-05 2.16153563e-05
2.61496253e-05 2.42181730e-05
2.58127337e-05 2.58111606e-05
2.27042937e-05 1.98805542e-05
1.88739038e-05 1.89133796e-05
2.18939798e-05 1.90699515e-05
2.75073975e-05 2.41385838e-05
3.13753432e-05 2.92073423e-05
3.31188612e-05 3.24457874e-05
4.02611564e-05 3.80924014e-05
2.50572490e-05 2.50962918e-05
3.13859328e-05 2.92093652e-05
3.57804596e-05 3.18312145e-05
3.75519285e-05 3.25090777e-05
3.28827364e-05 3.15762062e-05
2.69944564e-05 2.57009746e-05
3.37567990e-05 3.09573148e-05
3.45379529e-05 3.29782028e-05
3.26487878e-05 3.16119717e-05
2.83963840e-05 2.71859217e-05
2.24208445e-05 2.05712401e-05
7.51935107e-04 7.52503572e-04
6.32495263e-04 6.30308975e-04
4.92535630e-04 4.87856550e-04
3.53014848e-04 3.46421565e-04
2.31091580e-04 2.23340702e-04
1.37097873e-04 1.28970142e-04
7.38028610e-05 6.59641468e-05
2.64994860e-05 2.34390422e-05
3.32344333e-05 2.87600948e-05
3.77319706e-05 3.27123468e-05
3.90577581e-05 3.45813648e-05
3.70016224e-05 3.39414112e-05
3.21326461e-05 3.07959544e-05
2.56239859e-05 2.56047880e-05
2.99919496e-05 2.90213256e-05
3.84753412e-05 3.50200358e-05
4.63159868e-05 4.09866922e-05
5.23443502e-05 4.56121311e-05
5.55154180e-05 4.79497271e-05
5.51291102e-05 4.74238641e-05
5.10489784e-05 4.38913502e-05
4.38158612e-05 3.77077807e-05
3.45809581e-05 2.97193554e-05
5.87150573e-05 5.10552619e-05
4.33477584e-05 3.87553578e-05
2.90109491e-05 2.70615161e-05
2.99454585e-05 2.74198875e-05
1.04930136e-04 9.11344956e-05
1.21084742e-04 1.06935077e-04
1.27767733e-04 1.14988639e-04
1.23748770e-04 1.14168129e-04
1.09976367e-04 1.04956401e-04
8.93710936e-05 8.92898076e-05
6.02164134e-05 5.98991633e-05
5.25238038e-05 5.13030745e-05
4.13790761e-05 4.02813980e-05
2.92021070e-05 2.85384958e-05
2.94384358e-05 2.51647244e-05
3.86166413e-05 3.32657754e-05
4.72720314e-05 4.13832911e-05
5.45170550e-05 4.83816860e-05
5.94972934e-05 5.29944214e-05
6.14686148e-05 5.41491434e-05
5.99933322e-05 5.13288997e-05
3.48785428e-03 2.99788114e-03
3.56147002e-03 3.07363734e-03
3.40518016e-03 2.94507913e-03
3.03854803e-03 2.63030146e-03
2.51775403e-03 2.17964161e-03
1.92201546e-03 1.66336092e-03
1.33511487e-03 1.15522777e-03
8.27260220e-04 7.16627265e-04
4.42191054e-04 3.85479289e-04
1.92817850e-04 1.72696675e-04
6.67641997e-05 6.62513024e-05
3.12943558e-05 3.12834510e-05
1.59286951e-04 1.54179349e-04
3.46562897e-04 2.98587549e-04
4.92460952e-05 4.66077797e-05
1.95947524e-04 1.79486358e-04
3.28959267e-04 3.12604042e-04
4.89487275e-04 4.74160757e-04
6.59224997e-04 6.45509323e-04
8.13911398e-04 8.02010718e-04
9.28401625e-04 9.18210699e-04
9.82607920e-04 9.73874929e-04
9.66562479e-04 9.59075879e-04
8.83037872e-04 8.76755441e-04
7.46884049e-04 7.41952589e-04
5.81266372e-04 5.77936456e-04
4.11958048e-04 4.10452827e-04
2.61412117e-04 2.61837687e-04
2.65028429e-05 2.34733771e-05
3.02138622e-05 2.92926629e-05
2.15587841e-05 1.97955783e-05
4.28034603e-05 3.91495013e-05
7.28771157e-05 6.95170572e-05
1.10119229e-04 1.08527382e-04
2.94543521e-05 2.88595526e-05
2.23160391e-05 2.20078357e-05
1.94051395e-05 1.91567837e-05
2.01099911e-05 1.88135782e-05
2.16594356e-05 1.96907853e-05
2.22758449e-05 1.93463496e-05
1.17281543e-04 1.12925782e-04
1.05000768e-04 9.32494166e-05
1.96655845e-05 1.82680377e-05
2.15945513e-05 1.98883643e-05
2.18455596e-05 1.97149143e-05
2.23099744e-05 1.99915207e-05
4.41216224e-05 4.38935472e-05
3.92013278e-05 3.75287264e-05
3.28074582e-05 3.03876181e-05
2.59529843e-05 2.36390215e-05
1.94950882e-05 1.80445505e-05
5.26097958e-05 4.71922211e-05
7.62825305e-05 7.01051014e-05
1.00860267e-04 9.38445910e-05
1.22690357e-04 1.14961923e-04
1.38153084e-04 1.30034525e-04
1.44544604e-04 1.36467103e-04
1.40760840e-04 1.33142333e-04
1.27575796e-04 1.20727193e-04
1.07433748e-04 1.01538845e-04
8.38254434e-05 7.90027391e-05
6.04419612e-05 5.68484113e-05
4.03557906e-05 3.82273678e-05
2.54514210e-05 2.48530784e-05
2.14730645e-04 1.95343378e-04
3.58043494e-04 3.34174279e-04
5.27994393e-04 4.98178022e-04
7.04368444e-04 6.67714362e-04
8.61391590e-04 8.17881728e-04
9.73305317e-04 9.23980967e-04
1.02053553e-03 9.67481637e-04
9.94623460e-04 9.40716509e-04
9.00398505e-04 8.48855394e-04
7.54713434e-04 7.08542193e-04
5.82142988e-04 5.43629653e-04
4.08983856e-04 3.79342574e-04
2.57360998e-04 2.36630518e-04
1.41095245e-04 1.28305609e-04
6.43086132e-05 5.79082223e-05
2.28136251e-05 2.13962210e-05
6.17979641e-05 6.02027568e-05
8.87032837e-05 8.35887142e-05
1.13330543e-04 1.05440173e-04
1.31758145e-04 1.21991502e-04
1.40862431e-04 1.30199499e-04
1.39098093e-04 1.28504892e-04
1.26899082e-04 1.17221913e-04
1.06567733e-04 9.84399534e-05
8.16807240e-05 7.54770734e-05
5.61943339e-05 5.20636326e-05
3.35246102e-05 3.15105482e-05
2.29275211e-05 2.16204197e-05
2.94442968e-05 2.73452233e-05
3.60719702e-05 3.24396134e-05
4.15746589e-05 3.61023161e-05
1.85383912e-05 1.85897931e-05
4.37548460e-05 3.91696745e-05
4.74685960e-05 4.66464481e-05
2.60698812e-05 2.51373607e-05
3.93405842e-05 3.90494097e-05
9.93868507e-05 9.95091732e-05
1.07017032e-04 1.06723281e-04
1.07697822e-04 1.07215647e-04
1.00621464e-04 1.00338316e-04
8.65301578e-05 8.68165625e-05
1.16138633e-04 1.10065146e-04
2.84958865e-04 2.71697787e-04
5.48731615e-04 5.22659325e-04
8.99042802e-04 8.55592540e-04
1.30431250e-03 1.24081291e-03
1.71258811e-03 1.62911739e-03
2.06127553e-03 1.96102969e-03
2.29128312e-03 2.18025696e-03
2.36154178e-03 2.24755012e-03
2.25950902e-03 2.15077528e-03
2.00439023e-03 1.90805521e-03
1.64207482e-03 1.56299793e-03
1.23339894e-03 1.17353581e-03
8.39385771e-04 7.97866218e-04
5.07878705e-04 4.81738772e-04
2.65260918e-04 2.50696706e-04
1.15086006e-04 1.09284868e-04
4.54689752e-05 4.10535265e-05
5.41151623e-05 5.15217331e-05
5.94916799e-05 5.93689071e-05
2.31952473e-05 2.13254673e-05
2.34334278e-05 2.26772178e-05
3.79683020e-05 3.78341920e-05
5.36886849e-05 5.00891056e-05
6.41463066e-05 5.71046201e-05
7.16998949e-05 6.22161927e-05
7.55025037e-05 6.48968044e-05
7.46632187e-05 6.43440393e-05
6.85713276e-05 5.98421124e-05
5.74511391e-05 5.13454587e-05
4.27626187e-05 3.98883853e-05
1.97325521e-05 1.86821355e-05
2.93666574e-05 2.71568065e-05
5.46636641e-05 5.47659335e-05
5.80421195e-05 5.22238744e-05
6.49938770e-05 5.70116613e-05
9.47423022e-05 9.48767112e-05
3.76133951e-04 3.67971046e-04
1.11526504e-03 1.09700749e-03
2.41215875e-03 2.38742675e-03
4.29522122e-03 4.26859304e-03
6.66124452e-03 6.63866281e-03
9.26387350e-03 9.25168132e-03
1.17476667e-02 1.17510994e-02
1.37202106e-02 1.37419001e-02
1.48434295e-02 1.48824498e-02
1.49175606e-02 1.49693899e-02
2.74541787e-03 2.75084398e-03
1.37791647e-03 1.37607967e-03
5.62397340e-04 5.58859633e-04
1.89656128e-04 1.88711801e-04
8.74370230e-05 8.52311065e-05
5.11092934e-05 4.91218755e-05
2.52050767e-05 2.18836976e-05
2.62498517e-05 2.29655724e-05
2.29369401e-05 2.10875461e-05
1.97027433e-05 1.95931860e-05
3.17094025e-05 2.90805363e-05
6.41165398e-05 6.13278702e-05
1.25055092e-04 1.24800688e-04
6.05855115e-04 6.07733396e-04
6.43316459e-04 6.44803113e-04
6.34811628e-04 6.35752929e-04
5.82095486e-04 5.82128700e-04
4.94912794e-04 4.93517890e-04
3.88417860e-04 3.85105127e-04
2.79349085e-04 2.73875492e-04
1.82154182e-04 1.74636735e-04
1.06194935e-04 9.70458178e-05
2.53441676e-05 2.18295974e-05
2.10978238e-05 2.05246390e-05
2.77693877e-05 2.78053248e-05
4.01975704e-05 4.03207378e-05
5.25323650e-05 5.25062894e-05
6.29953678e-05 6.27651071e-05
7.04064285e-05 6.97024948e-05
7.41264007e-05 7.25678460e-05
7.40881306e-05 7.16126527e-05
7.10503970e-05 6.82349793e-05
6.68963289e-05 6.46809747e-05
6.41665348e-05 6.29867902e-05
6.41323232e-05 6.35168484e-05
6.52329551e-05 6.47004004e-05
6.44637244e-05 6.43997998e-05
1.61413406e-04 1.61702855e-04
1.74517911e-04 1.72159959e-04
1.76745988e-04 1.71888134e-04
1.68229255e-04 1.60959139e-04
1.50709641e-04 1.41189285e-04
1.27103887e-04 1.15694914e-04
1.00864296e-04 8.81399939e-05
1.02840672e-04 8.94734683e-05
1.66530611e-04 1.43747885e-04
2.39130140e-04 2.04524629e-04
2.61825885e-05 2.40989862e-05
3.98225717e-05 3.65962163e-05
4.97455103e-05 4.40104546e-05
5.24318046e-05 4.79928287e-05
5.41713411e-05 5.07020615e-05
5.52131461e-05 5.20532132e-05
5.47259169e-05 5.17393948e-05
5.13638520e-05 4.94543216e-05
2.51706803e-05 2.36905529e-05
3.85251070e-05 3.61409788e-05
2.04693329e-05 1.86782536e-05
2.26850330e-05 2.00483185e-05
2.28908585e-05 1.98094744e-05
5.76939264e-04 5.78006623e-04
6.62902209e-04 6.58461069e-04
7.06118700e-04 6.96568619e-04
6.99252013e-04 6.85621181e-04
6.43954708e-04 6.27633884e-04
5.50379526e-04 5.32840211e-04
4.34582086e-04 4.17130630e-04
3.14615008e-04 2.98225991e-04
2.06470354e-04 1.91738497e-04
1.21002460e-04 1.08259623e-04
9.63473149e-05 8.35063076e-05
7.91868422e-05 7.15446643e-05
5.89275748e-05 5.68735192e-05
5.45307779e-05 4.89947590e-05
4.61765692e-05 4.36643660e-05
3.61795594e-05 3.54778696e-05
2.62056950e-05 2.60006844e-05
1.94951624e-05 1.93723086e-05
3.87560847e-05 3.85215512e-05
9.09521977e-05 8.68542203e-05
1.66316730e-04 1.58434794e-04
2.63499702e-04 2.52213963e-04
3.76889718e-04 3.62882921e-04
4.95286906e-04 4.79426050e-04
6.02595937e-04 5.85783682e-04
6.80587641e-04 6.63651693e-04
7.13331397e-04 6.96960970e-04
6.92094878e-04 6.76784323e-04
6.18911831e-04 6.04871778e-04
5.07117765e-04 4.94163986e-04
3.78117541e-04 3.65612151e-04
2.55146894e-04 2.42111960e-04
1.56129845e-04 1.41673490e-04
2.74547386e-05 2.36480909e-05
2.08929640e-05 1.88681153e-05
2.53164131e-05 2.20826641e-05
2.20143672e-05 2.01041630e-05
2.98231428e-05 2.78221634e-05
2.65847703e-05 2.55083327e-05
3.12681198e-05 2.85863340e-05
4.21053559e-05 3.73629677e-05
4.66785113e-05 4.20177139e-05
4.56012415e-05 4.32736853e-05
5.87839780e-05 5.31832544e-05
4.38834883e-05 3.90847865e-05
4.64547219e-05 4.36529025e-05
8.33789641e-05 7.80284946e-05
9.22787062e-05 8.28592702e-05
1.71591808e-04 1.47780163e-04
1.95788643e-04 1.73443654e-04
5.31288723e-04 4.85003575e-04
1.67631267e-03 1.53707859e-03
3.78709308e-03 3.48049374e-03
6.94178273e-03 6.39075080e-03
1.10012950e-02 1.01415964e-02
1.55718174e-02 1.43703511e-02
2.00509463e-02 1.85201212e-02
2.37449973e-02 2.19481275e-02
2.60274970e-02 2.40725679e-02
2.64934019e-02 2.45159107e-02
2.50623012e-02 2.32011760e-02
2.19985390e-02 2.03712694e-02
1.78420936e-02 1.65254314e-02
1.32720961e-02 1.22929258e-02
8.94512645e-03 8.28299323e-03
5.35602423e-03 4.95540434e-03
2.75864836e-03 2.54648597e-03
1.16292016e-03 1.06599885e-03
4.00939956e-04 3.59427792e-04
1.81005949e-04 1.62701466e-04
1.02053146e-04 9.72792264e-05
7.80010278e-05 7.54694755e-05
8.83109868e-05 7.89165214e-05
5.79617461e-05 4.96521797e-05
4.98629270e-05 4.95033484e-05
4.49311792e-05 4.40988711e-05
3.04910369e-05 2.87461094e-05
3.43035422e-05 3.10243257e-05
4.17410404e-05 3.79181857e-05
3.45085077e-05 3.03096755e-05
2.99087902e-05 2.59523140e-05
2.97935413e-05 2.57760168e-05
2.26773224e-05 2.08047419e-05
2.64659857e-05 2.56153565e-05
2.42993479e-05 2.10806888e-05
2.45967542e-05 2.23708855e-05
1.89099816e-04 1.89295170e-04
3.04394703e-04 3.04332431e-04
4.34578949e-04 4.34931209e-04
5.64051772e-04 5.65502435e-04
4.00900284e-05 3.61440791e-05
4.61813170e-05 4.32184021e-05
7.68812512e-05 7.45022250e-05
1.12015466e-04 1.10016882e-04
1.47120431e-04 1.45149016e-04
1.77070453e-04 1.74742265e-04
1.97114246e-04 1.94178536e-04
2.03896201e-04 2.00392600e-04
1.96203482e-04 1.92533173e-04
1.75254001e-04 1.72108435e-04
1.44452173e-04 1.42597126e-04
1.08668141e-04 1.08638872e-04
2.20705674e-04 1.98974761e-04
3.33602306e-05 2.98383123e-05
2.14302058e-05 2.11047026e-05
3.53021582e-05 3.10678244e-05
5.09617878e-05 4.35888912e-05
6.65619242e-05 5.72583614e-05
8.00393114e-05 7.01124194e-05
8.94769639e-05 8.01242994e-05
9.35175642e-05 8.57396116e-05
9.16861137e-05 8.62876727e-05
8.45098373e-05 8.21301850e-05
2.14975263e-05 2.00456326e-05
4.21769854e-05 4.12105640e-05
1.97692681e-05 1.87415145e-05
3.12821938e-05 2.82567257e-05
1.31594562e-04 1.18482078e-04
3.75858007e-04 3.29187273e-04
7.90324343e-04 6.84893136e-04
1.37893034e-03 1.18913611e-03
2.10446962e-03 1.81005528e-03
2.88721410e-03 2.47933046e-03
3.61701429e-03 3.10256619e-03
4.17628656e-03 3.57901181e-03
4.46777224e-03 3.82539136e-03
4.43892535e-03 3.79685229e-03
2.23292273e-05 2.19794481e-05
4.62858714e-05 4.63030336e-05
1.60476223e-04 1.49652249e-04
5.30656983e-04 4.78370941e-04
1.19801889e-03 1.07704040e-03
2.18383178e-03 1.96500109e-03
3.43936511e-03 3.09866441e-03
4.83741309e-03 4.36330855e-03
6.18885510e-03 5.58777319e-03
7.28053825e-03 6.57864987e-03
7.92472487e-03 7.16513445e-03
8.00579763e-03 7.24155204e-03
7.50997050e-03 6.79456246e-03
6.52872151e-03 5.90652767e-03
5.23489972e-03 4.73400004e-03
3.83905778e-03 3.46813192e-03
2.53947664e-03 2.28923402e-03
1.48057788e-03 1.32888297e-03
7.30767120e-04 6.49725147e-04
2.84031540e-04 2.47244579e-04
8.37072529e-05 7.37128316e-05
2.95736740e-05 2.58783062e-05
3.23682591e-05 2.99671328e-05
3.10650530e-05 3.10682911e-05
3.11177666e-05 3.09570210e-05
2.87335633e-04 2.46380356e-04
3.07278837e-04 2.64217863e-04
3.05958909e-04 2.63519059e-04
2.83626550e-04 2.44320457e-04
2.44294558e-04 2.10018479e-04
1.94687204e-04 1.66489455e-04
2.83080839e-05 2.55041752e-05
4.03540823e-05 3.61332138e-05
5.24359822e-05 4.71342227e-05
6.26282932e-05 5.69147761e-05
6.90981582e-05 6.39133259e-05
7.05735553e-05 6.69687334e-05
6.67104092e-05 6.56208683e-05
1.30684473e-04 1.16428752e-04
3.33612981e-04 2.85889609e-04
1.94826754e-05 1.86208330e-05
6.78205843e-05 5.86340495e-05
2.14446719e-04 1.90805836e-04
1.82923165e-05 1.81049440e-05
6.34676877e-05 6.22933149e-05
2.97654764e-05 2.92205732e-05
2.31143378e-05 2.02361855e-05
3.35465459e-05 3.09304192e-05
5.21976178e-05 5.10806602e-05
3.38756450e-05 3.22985644e-05
2.47998624e-05 2.42285816e-05
2.99432331e-05 2.81398167e-05
3.31221154e-05 3.05654554e-05
3.38488581e-05 3.10040872e-05
3.21263080e-05 2.93089446e-05
2.84077264e-05 2.57096757e-05
2.34351688e-05 2.07397708e-05
5.84122364e-05 5.82715993e-05
2.50698986e-05 2.33371456e-05
2.66243729e-05 2.46137814e-05
4.24846623e-05 3.78313748e-05
5.59611360e-05 5.06238665e-05
6.95291926e-05 6.24714636e-05
8.05189936e-05 7.15657159e-05
8.66685017e-05 7.64313667e-05
8.66471700e-05 7.62827049e-05
8.03538467e-05 7.12327255e-05
6.88937772e-05 6.22877609e-05
5.42482116e-05 5.11181589e-05
3.14617472e-05 2.80629742e-05
5.12421846e-05 4.42064058e-05
3.63957018e-05 3.17831301e-05
2.34752853e-05 2.06727784e-05
9.13621942e-05 7.90463500e-05
8.97039064e-05 7.96499042e-05
8.08374210e-05 7.43569624e-05
6.67318901e-05 6.41567066e-05
5.07524212e-05 5.08723212e-05
3.68246675e-05 3.66954523e-05
7.97290011e-05 7.91401152e-05
4.91980877e-05 4.64729904e-05
9.02920668e-05 7.72468336e-05
1.10049251e-04 9.67158838e-05
6.35273211e-05 5.93061941e-05
1.95210696e-05 1.87233318e-05
